0.00 0.00 0.00 0.00 0.00 0.00 0.00 0.00 0.00 0.00 0.00 0.00 0.00 0.00 0.00 0.00 0.00 0.00 0.00 0.00 0.00 0.00 0.00 0.00 0.00 0.00 0.00 0.00 0.00 0.00 0.00 0.00 0.00 0.00 0.00 0.00 0.00 0.00 
0.00 0.00 0.00 0.00 0.00 0.00 0.00 0.00 0.00 0.00 0.00 0.00 0.00 0.00 0.00 0.00 0.00 0.00 0.00 0.00 0.00 0.00 0.00 0.00 0.00 0.00 0.00 0.00 0.00 0.00 0.00 0.00 0.00 0.00 0.00 0.00 0.00 0.00 
0.00 0.00 0.00 0.00 0.00 0.00 0.00 0.00 576.15 580.25 590.54 604.98 623.78 647.50 676.45 710.39 748.33 788.62 829.42 869.19 906.84 941.71 973.38 1001.58 1026.09 1046.71 1063.22 1075.46 1083.33 1087.16 1088.69 0.00 0.00 0.00 0.00 0.00 0.00 0.00 
0.00 0.00 0.00 0.00 0.00 575.83 1337.20 1345.35 1759.41 1790.63 1827.37 1873.37 1931.28 2002.94 2089.04 2188.58 2298.70 2415.00 2532.71 2647.75 2757.14 2858.85 2951.55 3034.25 3106.20 3166.70 3215.09 3250.78 3273.19 3281.88 3276.48 2530.34 2513.88 1068.46 0.00 0.00 0.00 0.00 
0.00 0.00 0.00 0.00 958.23 1341.00 1749.13 2169.07 2208.89 2252.17 2301.89 2361.74 2434.70 2522.75 2626.50 2744.76 2874.41 3010.84 3149.03 3284.51 3413.85 3534.59 3644.93 3743.54 3829.37 3901.44 3958.88 4000.86 4026.53 4035.13 4026.06 3999.36 3234.73 2469.93 1737.28 0.00 0.00 0.00 
0.00 0.00 0.00 575.45 1341.11 1754.62 2179.69 2227.01 2667.34 2721.87 2784.27 2857.98 2945.99 3050.33 3171.52 3308.24 3457.14 3613.40 3771.68 3927.18 4076.04 4215.33 4342.90 4457.05 4556.41 4639.74 4705.92 4753.86 4782.46 4790.75 4778.06 4015.24 3962.55 3176.37 2403.56 1002.79 0.00 0.00 
0.00 0.00 0.00 1333.88 1745.50 2174.41 2612.01 2666.50 2726.00 2787.58 2855.15 2932.45 3022.45 3127.01 3246.61 3380.04 3524.37 3675.36 3828.27 3978.73 4123.11 4258.55 4382.84 4494.19 4591.11 4672.26 4736.37 4782.19 4808.39 4813.56 4796.14 4754.32 4690.92 3883.62 3078.77 2302.45 0.00 0.00 
0.00 0.00 0.00 1338.51 2151.90 2206.27 2648.26 2709.65 2773.54 2840.58 2912.16 2992.28 3083.85 3188.60 3306.95 3437.77 3578.44 3725.20 3873.80 4020.21 4161.00 4293.35 4415.00 4524.09 4619.04 4698.40 4760.80 4804.88 4829.13 4831.80 4810.77 4764.86 4694.25 3880.47 3766.72 2273.23 0.00 0.00 
0.00 0.00 572.34 1734.77 2168.37 2612.10 2673.37 2738.05 3191.85 3265.39 3346.58 3438.40 3543.72 3664.45 3801.14 3952.59 4115.77 4286.22 4458.85 4628.87 4792.21 4945.63 5086.55 5212.86 5322.75 5414.58 5486.79 5537.81 5566.02 5569.77 5547.63 4771.43 4695.62 4592.64 3753.26 2918.43 867.53 0.00 
0.00 0.00 571.68 1739.95 2174.13 2619.16 2681.97 2748.46 3202.84 3277.97 3360.16 3452.68 3558.39 3679.18 3815.56 3966.35 4128.63 4298.05 4469.64 4638.69 4801.18 4953.87 5094.17 5219.94 5329.36 5420.77 5492.57 5543.20 5570.99 5574.25 5551.27 4774.16 4696.50 4592.08 3749.61 2913.97 858.01 0.00 
0.00 0.00 572.34 1734.70 2168.15 2611.97 2673.26 2738.00 3191.83 3265.40 3346.60 3438.43 3543.74 3664.48 3801.16 3952.60 4115.78 4286.23 4458.87 4628.89 4792.24 4945.67 5086.59 5212.90 5322.80 5414.64 5486.87 5537.93 5566.24 5570.25 5548.83 4772.08 4696.27 4593.19 3754.04 2920.34 868.88 0.00 
0.00 0.00 0.00 1338.35 2151.28 2206.04 2647.99 2709.52 2773.51 2840.61 2912.21 2992.34 3083.90 3188.65 3306.98 3437.80 3578.47 3725.23 3873.84 4020.26 4161.05 4293.41 4415.07 4524.17 4619.13 4698.50 4760.93 4805.06 4829.40 4832.26 4811.57 4765.91 4695.72 3881.23 3767.72 2272.24 0.00 0.00 
0.00 0.00 0.00 1333.44 1745.33 2174.27 2611.43 2666.27 2725.95 2787.62 2855.23 2932.54 3022.53 3127.08 3246.66 3380.08 3524.41 3675.40 3828.32 3978.79 4123.18 4258.64 4382.95 4494.31 4591.24 4672.41 4736.53 4782.40 4808.70 4814.05 4796.96 4755.82 4691.76 3883.54 3078.37 2299.67 0.00 0.00 
0.00 0.00 0.00 575.48 1341.01 1754.60 2179.57 2226.84 2667.31 2721.94 2784.39 2858.10 2946.10 3050.41 3171.59 3308.29 3457.19 3613.45 3771.75 3927.27 4076.14 4215.45 4343.04 4457.20 4556.57 4639.92 4706.12 4754.08 4782.76 4791.21 4778.77 4016.11 3962.72 3175.37 2401.32 1000.79 0.00 0.00 
0.00 0.00 0.00 0.00 957.78 1340.94 1749.00 2168.53 2208.81 2252.26 2302.03 2361.87 2434.81 2522.83 2626.56 2744.80 2874.45 3010.89 3149.09 3284.59 3413.96 3534.72 3645.07 3743.71 3829.54 3901.62 3959.07 4001.06 4026.79 4035.55 4026.82 4000.55 3235.16 2468.70 1735.46 0.00 0.00 0.00 
0.00 0.00 0.00 0.00 0.00 575.88 1336.83 1345.35 1759.53 1790.80 1827.54 1873.51 1931.38 2003.02 2089.09 2188.62 2298.73 2415.04 2532.77 2647.83 2757.24 2858.98 2951.69 3034.41 3106.37 3166.86 3215.24 3250.94 3273.40 3282.30 3277.51 2530.67 2513.72 1067.86 0.00 0.00 0.00 0.00 
0.00 0.00 0.00 0.00 0.00 0.00 0.00 0.00 576.24 580.33 590.60 605.03 623.81 647.52 676.47 710.40 748.34 788.63 829.44 869.21 906.88 941.76 973.44 1001.65 1026.16 1046.78 1063.29 1075.53 1083.42 1087.33 1089.04 0.00 0.00 0.00 0.00 0.00 0.00 0.00 
0.00 0.00 0.00 0.00 0.00 0.00 0.00 0.00 0.00 0.00 0.00 0.00 0.00 0.00 0.00 0.00 0.00 0.00 0.00 0.00 0.00 0.00 0.00 0.00 0.00 0.00 0.00 0.00 0.00 0.00 0.00 0.00 0.00 0.00 0.00 0.00 0.00 0.00 
