0.00 0.00 0.00 0.00 0.00 0.00 0.00 0.00 0.00 0.00 0.00 0.00 0.00 0.00 0.00 0.00 0.00 0.00 0.00 0.00 0.00 0.00 0.00 0.00 0.00 0.00 0.00 0.00 0.00 0.00 0.00 0.00 0.00 0.00 0.00 0.00 0.00 0.00 
0.00 0.00 0.00 0.00 0.00 0.00 0.00 0.00 0.00 0.00 0.00 0.00 0.00 0.00 0.00 0.00 0.00 0.00 0.00 0.00 0.00 0.00 0.00 0.00 0.00 0.00 0.00 0.00 0.00 0.00 0.00 0.00 0.00 0.00 0.00 0.00 0.00 0.00 
0.00 0.00 0.00 0.00 0.00 0.00 0.00 0.00 1008.21 1023.96 1043.09 1059.28 1070.84 1077.64 1080.08 1078.75 1074.32 1067.42 1058.69 1048.67 1037.86 1026.67 1015.42 1004.33 993.58 983.25 973.46 964.44 956.37 949.79 946.83 0.00 0.00 0.00 0.00 0.00 0.00 0.00 
0.00 0.00 0.00 0.00 0.00 870.59 2137.69 2223.00 2996.48 3082.92 3153.38 3207.28 3244.94 3267.60 3276.93 3274.86 3263.34 3244.29 3219.52 3190.67 3159.17 3126.24 3092.81 3059.62 3027.14 2995.70 2965.60 2937.24 2910.59 2885.12 2859.17 2199.98 2189.89 938.92 0.00 0.00 0.00 0.00 
0.00 0.00 0.00 0.00 1292.61 1955.54 2724.63 3523.88 3669.57 3787.04 3879.78 3949.80 3998.99 4029.44 4043.46 4043.43 4031.76 4010.74 3982.53 3949.09 3912.12 3873.07 3833.11 3793.10 3753.66 3715.20 3678.02 3642.41 3608.15 3574.43 3539.75 3502.80 2838.47 2184.47 1558.13 0.00 0.00 0.00 
0.00 0.00 0.00 634.39 1714.35 2484.01 3316.74 3514.55 4353.27 4494.65 4608.29 4694.69 4755.93 4794.67 4813.77 4816.14 4804.61 4781.89 4750.48 4712.65 4670.40 4625.42 4579.05 4532.33 4485.99 4440.51 4396.21 4353.30 4311.50 4270.06 4227.94 3548.70 3503.54 2834.01 2178.47 933.91 0.00 0.00 
0.00 0.00 0.00 1364.82 2147.09 3012.96 3911.88 4148.76 4350.66 4508.54 4631.02 4722.99 4788.32 4830.43 4852.53 4857.67 4848.73 4828.41 4799.20 4763.31 4722.72 4679.08 4633.74 4587.70 4541.71 4496.22 4451.48 4407.53 4363.92 4319.59 4272.88 4221.66 4170.29 3489.60 2819.39 2171.07 0.00 0.00 
0.00 0.00 0.00 1311.64 2642.06 2978.74 3887.95 4142.14 4353.88 4521.02 4649.59 4745.79 4814.35 4859.16 4883.68 4891.05 4884.19 4865.79 4838.32 4803.99 4764.72 4722.15 4677.61 4632.12 4586.40 4540.89 4495.77 4451.02 4406.05 4359.59 4309.57 4256.00 4200.08 3516.29 3462.53 2172.32 0.00 0.00 
0.00 0.00 416.54 1727.08 2610.15 3549.23 3869.12 4138.01 5033.59 5214.73 5358.44 5467.58 5545.83 5597.01 5624.86 5632.97 5624.68 5603.12 5571.14 5531.30 5485.84 5436.65 5385.27 5332.87 5280.27 5228.00 5176.30 5125.20 5074.23 5022.42 4968.40 4278.78 4220.74 4161.64 3476.92 2804.33 926.08 0.00 
0.00 0.00 405.49 1728.75 2602.40 3544.16 3864.16 4136.98 5034.81 5218.09 5362.88 5472.81 5551.73 5603.53 5631.96 5640.61 5632.84 5611.75 5580.20 5540.75 5495.63 5446.72 5395.57 5343.33 5290.85 5238.63 5186.93 5135.77 5084.69 5032.70 4978.25 4287.86 4228.54 4168.53 3482.76 2809.52 925.13 0.00 
0.00 0.00 416.54 1726.02 2608.55 3548.08 3868.31 4137.46 5033.21 5214.47 5358.26 5467.45 5545.72 5596.92 5624.80 5632.91 5624.63 5603.07 5571.09 5531.26 5485.80 5436.62 5385.26 5332.89 5280.33 5228.13 5176.54 5125.63 5075.01 5023.89 4971.51 4280.95 4223.10 4163.93 3479.35 2807.05 926.78 0.00 
0.00 0.00 0.00 1309.45 2638.57 2976.74 3886.38 4141.10 4353.19 4520.55 4649.25 4745.54 4814.16 4859.01 4883.55 4890.94 4884.09 4865.70 4838.23 4803.90 4764.65 4722.10 4677.59 4632.14 4586.50 4541.10 4496.17 4451.72 4407.21 4361.48 4312.52 4259.90 4205.24 3520.42 3467.41 2174.89 0.00 0.00 
0.00 0.00 0.00 1360.84 2144.30 3010.74 3909.73 4147.35 4349.73 4507.90 4630.56 4722.65 4788.06 4830.21 4852.34 4857.51 4848.58 4828.27 4799.06 4763.19 4722.61 4679.00 4633.68 4587.71 4541.82 4496.49 4451.98 4408.42 4365.39 4321.94 4276.53 4227.36 4175.62 3494.12 2824.05 2173.86 0.00 0.00 
0.00 0.00 0.00 633.95 1712.35 2482.23 3315.08 3513.23 4352.22 4493.91 4607.75 4694.29 4755.61 4794.40 4813.54 4815.93 4804.42 4781.70 4750.30 4712.48 4670.25 4625.28 4578.95 4532.30 4486.07 4440.76 4396.74 4354.26 4313.13 4272.67 4231.85 3553.62 3508.38 2837.84 2181.27 934.87 0.00 0.00 
0.00 0.00 0.00 0.00 1290.46 1954.01 2723.18 3522.29 3668.56 3786.35 3879.28 3949.42 3998.68 4029.18 4043.22 4043.22 4031.56 4010.55 3982.34 3948.90 3911.95 3872.92 3832.99 3793.03 3753.69 3715.38 3678.45 3643.25 3609.64 3576.94 3543.77 3508.67 2843.59 2187.39 1559.98 0.00 0.00 0.00 
0.00 0.00 0.00 0.00 0.00 870.18 2136.42 2222.20 2995.79 3082.40 3152.98 3206.95 3244.67 3267.36 3276.71 3274.65 3263.14 3244.10 3219.34 3190.49 3159.00 3126.08 3092.68 3059.52 3027.11 2995.79 2965.89 2937.87 2911.81 2887.37 2863.37 2203.19 2193.07 939.98 0.00 0.00 0.00 0.00 
0.00 0.00 0.00 0.00 0.00 0.00 0.00 0.00 1008.06 1023.83 1042.97 1059.17 1070.74 1077.55 1079.99 1078.67 1074.24 1067.35 1058.61 1048.60 1037.79 1026.60 1015.36 1004.29 993.56 983.27 973.56 964.66 956.81 950.60 948.16 0.00 0.00 0.00 0.00 0.00 0.00 0.00 
0.00 0.00 0.00 0.00 0.00 0.00 0.00 0.00 0.00 0.00 0.00 0.00 0.00 0.00 0.00 0.00 0.00 0.00 0.00 0.00 0.00 0.00 0.00 0.00 0.00 0.00 0.00 0.00 0.00 0.00 0.00 0.00 0.00 0.00 0.00 0.00 0.00 0.00 
