0.00 0.00 0.00 0.00 0.00 0.00 0.00 0.00 0.00 0.00 0.00 0.00 0.00 0.00 0.00 0.00 0.00 0.00 0.00 0.00 0.00 0.00 0.00 0.00 0.00 0.00 0.00 0.00 0.00 0.00 0.00 0.00 0.00 0.00 0.00 0.00 0.00 0.00 
0.00 0.00 0.00 0.00 0.00 0.00 0.00 0.00 0.00 0.00 0.00 0.00 0.00 0.00 0.00 0.00 0.00 0.00 0.00 0.00 0.00 0.00 0.00 0.00 0.00 0.00 0.00 0.00 0.00 0.00 0.00 0.00 0.00 0.00 0.00 0.00 0.00 0.00 
0.00 0.00 0.00 0.00 0.00 0.00 0.00 0.00 1157.47 1158.62 1161.19 1163.21 1164.23 1164.14 1162.89 1160.32 1156.24 1150.34 1142.30 1131.72 1118.21 1101.34 1080.71 1055.94 1026.65 992.55 953.50 909.79 862.60 815.79 781.34 0.00 0.00 0.00 0.00 0.00 0.00 0.00 
0.00 0.00 0.00 0.00 0.00 1148.24 2685.37 2696.42 3490.90 3506.85 3518.04 3525.15 3528.45 3528.05 3523.86 3515.52 3502.46 3483.87 3458.80 3426.15 3384.79 3333.53 3271.18 3196.60 3108.72 3006.58 2889.56 2757.59 2611.39 2452.98 2285.42 1597.51 1478.48 595.49 0.00 0.00 0.00 0.00 
0.00 0.00 0.00 0.00 1896.03 2668.93 3466.68 4270.53 4299.09 4320.93 4336.44 4346.34 4351.09 4350.92 4345.75 4335.23 4318.68 4295.23 4263.77 4223.07 4171.81 4108.61 4032.12 3941.00 3834.02 3710.08 3568.39 3408.66 3231.06 3036.27 2824.89 2595.51 1924.44 1343.75 912.84 0.00 0.00 0.00 
0.00 0.00 0.00 1122.62 2643.11 3445.11 4258.51 4300.39 5111.54 5138.66 5158.37 5171.15 5177.49 5177.66 5171.59 5158.92 5138.92 5110.61 5072.76 5024.00 4962.85 4887.75 4797.17 4689.61 4563.68 4418.17 4252.16 4065.36 3858.18 3632.73 3394.86 2641.97 2405.31 1775.47 1256.08 522.24 0.00 0.00 
0.00 0.00 0.00 2600.69 3403.46 4224.58 5051.34 5099.81 5141.35 5172.50 5194.69 5209.07 5216.41 5217.10 5211.19 5198.35 5177.94 5149.05 5110.55 5061.15 4999.43 4923.96 4833.28 4725.97 4600.72 4456.37 4292.00 4107.06 3901.31 3674.76 3427.23 3154.96 2892.02 2219.12 1651.24 1194.88 0.00 0.00 
0.00 0.00 0.00 2593.58 4170.63 4237.70 5067.79 5121.39 5165.66 5199.76 5223.84 5239.47 5247.60 5248.73 5242.94 5229.98 5209.25 5179.92 5140.91 5091.00 5028.87 4953.14 4862.41 4755.35 4630.72 4487.42 4324.56 4141.52 3937.76 3712.51 3464.23 3195.19 2927.94 2260.87 2056.65 1193.59 0.00 0.00 
0.00 0.00 1074.56 3341.44 4173.82 5013.25 5078.83 5135.45 5954.91 5991.35 6018.16 6035.93 6045.32 6046.74 6040.26 6025.55 6001.91 5968.36 5923.64 5866.34 5794.90 5707.72 5603.19 5479.77 5336.04 5170.78 4983.12 4772.78 4540.30 4287.85 4020.56 3223.11 2948.99 2692.78 2080.36 1558.70 487.28 0.00 
0.00 0.00 1072.11 3342.77 4175.21 5016.13 5082.68 5140.61 5960.29 5997.63 6024.89 6042.95 6052.54 6054.09 6047.65 6032.93 6009.23 5975.58 5930.76 5873.34 5801.80 5714.56 5610.01 5486.65 5343.07 5178.08 4990.88 4781.23 4549.77 4298.62 4032.10 3234.39 2958.25 2703.38 2089.85 1568.51 484.71 0.00 
0.00 0.00 1074.52 3341.17 4173.40 5012.94 5078.58 5135.27 5954.78 5991.26 6018.10 6035.89 6045.29 6046.73 6040.25 6025.54 6001.90 5968.35 5923.63 5866.32 5794.87 5707.67 5603.12 5479.67 5335.91 5170.62 4982.95 4772.67 4540.43 4288.66 4023.30 3224.79 2951.07 2694.78 2082.95 1562.61 488.47 0.00 
0.00 0.00 0.00 2593.05 4169.67 4237.16 5067.26 5121.02 5165.42 5199.60 5223.74 5239.40 5247.56 5248.70 5242.92 5229.96 5209.24 5179.90 5140.88 5090.96 5028.80 4953.04 4862.27 4755.16 4630.46 4487.09 4324.19 4141.16 3937.57 3712.83 3465.61 3197.88 2933.02 2264.47 2061.99 1195.06 0.00 0.00 
0.00 0.00 0.00 2599.78 3402.81 4223.99 5050.49 5099.27 5141.01 5172.28 5194.55 5208.98 5216.35 5217.07 5211.16 5198.33 5177.92 5149.03 5110.51 5061.08 4999.34 4923.82 4833.07 4725.67 4600.32 4455.84 4291.35 4106.34 3900.65 3674.50 3428.05 3158.40 2894.35 2220.47 1654.42 1195.24 0.00 0.00 
0.00 0.00 0.00 1122.49 2642.61 3444.62 4257.96 4299.88 5111.14 5138.41 5158.21 5171.05 5177.43 5177.62 5171.57 5158.90 5138.90 5110.58 5072.72 5023.93 4962.73 4887.57 4796.91 4689.24 4563.15 4417.44 4251.22 4064.21 3856.94 3631.65 3394.41 2642.77 2404.88 1774.09 1254.31 521.14 0.00 0.00 
0.00 0.00 0.00 0.00 1895.35 2668.48 3466.16 4269.75 4298.67 4320.69 4336.30 4346.26 4351.04 4350.89 4345.73 4335.21 4318.67 4295.21 4263.73 4223.01 4171.70 4108.44 4031.86 3940.62 3833.46 3709.29 3567.32 3407.29 3229.45 3034.68 2823.93 2596.10 1924.48 1340.88 910.41 0.00 0.00 0.00 
0.00 0.00 0.00 0.00 0.00 1148.12 2684.77 2696.10 3490.66 3506.70 3517.95 3525.10 3528.42 3528.03 3523.84 3515.51 3502.45 3483.86 3458.77 3426.10 3384.70 3333.38 3270.95 3196.25 3108.19 3005.82 2888.48 2756.15 2609.62 2451.19 2284.66 1595.42 1475.49 593.36 0.00 0.00 0.00 0.00 
0.00 0.00 0.00 0.00 0.00 0.00 0.00 0.00 1157.44 1158.60 1161.17 1163.20 1164.22 1164.14 1162.88 1160.32 1156.23 1150.34 1142.29 1131.71 1118.18 1101.29 1080.64 1055.81 1026.46 992.26 953.09 909.22 861.88 815.06 780.92 0.00 0.00 0.00 0.00 0.00 0.00 0.00 
0.00 0.00 0.00 0.00 0.00 0.00 0.00 0.00 0.00 0.00 0.00 0.00 0.00 0.00 0.00 0.00 0.00 0.00 0.00 0.00 0.00 0.00 0.00 0.00 0.00 0.00 0.00 0.00 0.00 0.00 0.00 0.00 0.00 0.00 0.00 0.00 0.00 0.00 
