0.00 0.00 0.00 0.00 0.00 0.00 0.00 0.00 0.00 0.00 0.00 0.00 0.00 0.00 0.00 0.00 0.00 0.00 0.00 0.00 0.00 0.00 0.00 0.00 0.00 0.00 0.00 0.00 0.00 0.00 0.00 0.00 0.00 0.00 0.00 0.00 0.00 0.00 
0.00 0.00 0.00 0.00 0.00 0.00 0.00 0.00 0.00 0.00 0.00 0.00 0.00 0.00 0.00 0.00 0.00 0.00 0.00 0.00 0.00 0.00 0.00 0.00 0.00 0.00 0.00 0.00 0.00 0.00 0.00 0.00 0.00 0.00 0.00 0.00 0.00 0.00 
0.00 0.00 0.00 0.00 0.00 0.00 0.00 0.00 1071.25 1074.91 1079.00 1084.47 1091.11 1098.43 1105.82 1112.55 1117.71 1120.42 1120.20 1117.32 1112.76 1107.75 1103.45 1100.75 1100.36 1102.79 1108.41 1117.34 1129.34 1143.08 1153.99 0.00 0.00 0.00 0.00 0.00 0.00 0.00 
0.00 0.00 0.00 0.00 0.00 1054.95 2472.02 2474.83 3182.47 3185.85 3196.07 3211.21 3229.74 3250.07 3270.39 3288.62 3302.38 3309.58 3309.30 3302.48 3291.66 3279.98 3270.45 3265.59 3267.40 3277.47 3297.03 3326.92 3367.61 3419.01 3480.64 2781.36 2837.68 1245.21 0.00 0.00 0.00 0.00 
0.00 0.00 0.00 0.00 1758.68 2464.25 3156.59 3851.17 3846.37 3849.04 3859.02 3874.78 3894.56 3916.50 3938.53 3958.31 3973.40 3981.78 3982.65 3977.05 3967.54 3957.40 3949.87 3947.80 3953.56 3969.16 3996.21 4036.02 4089.67 4158.10 4242.36 4344.40 3660.90 2954.32 2174.64 0.00 0.00 0.00 
0.00 0.00 0.00 1056.73 2464.74 3146.79 3828.13 3809.44 4507.12 4507.55 4516.75 4532.72 4553.42 4576.70 4600.23 4621.50 4637.97 4647.65 4649.80 4645.54 4637.52 4629.15 4623.92 4625.00 4635.14 4656.72 4691.77 4742.01 4808.93 4893.51 4995.65 4343.39 4478.71 3814.54 3103.73 1390.80 0.00 0.00 
0.00 0.00 0.00 2475.92 3154.51 3824.68 4498.46 4477.47 4464.75 4461.87 4467.77 4480.53 4498.10 4518.38 4539.20 4558.28 4573.46 4583.05 4586.48 4584.72 4580.07 4575.55 4574.32 4579.32 4593.23 4618.45 4657.18 4711.47 4783.42 4875.31 4990.09 5133.11 5296.60 4677.79 4029.27 3314.79 0.00 0.00 
0.00 0.00 0.00 2474.86 3841.70 3801.82 4472.50 4447.10 4431.57 4425.42 4428.56 4438.73 4453.82 4471.74 4490.42 4507.78 4521.92 4531.40 4535.80 4535.99 4534.01 4532.55 4534.49 4542.61 4559.54 4587.70 4629.42 4686.96 4762.84 4860.08 4982.70 5134.12 5312.11 4705.81 4930.83 3381.35 0.00 0.00 
0.00 0.00 1068.64 3171.18 3830.39 4489.44 4454.28 4427.31 5122.87 5116.62 5120.37 5132.15 5149.69 5170.62 5192.55 5213.05 5229.82 5241.08 5246.18 5246.06 5243.13 5240.64 5242.04 5250.63 5269.44 5301.28 5348.74 5414.31 5500.41 5609.36 5743.12 5135.43 5326.10 5551.43 4974.33 4375.67 1696.46 0.00 
0.00 0.00 1069.64 3167.51 3826.41 4484.44 4448.16 4420.11 5115.51 5108.20 5111.17 5122.26 5139.15 5159.47 5180.85 5200.92 5217.44 5228.69 5234.05 5234.44 5232.19 5230.46 5232.63 5241.97 5261.50 5294.03 5342.17 5408.43 5495.29 5605.17 5740.59 5135.48 5330.14 5558.11 4987.70 4391.74 1717.26 0.00 
0.00 0.00 1068.65 3171.32 3830.67 4489.65 4454.45 4427.43 5122.95 5116.67 5120.40 5132.16 5149.70 5170.63 5192.56 5213.06 5229.83 5241.10 5246.19 5246.07 5243.15 5240.66 5242.07 5250.66 5269.49 5301.34 5348.81 5414.37 5500.40 5609.11 5742.11 5135.09 5325.82 5551.25 4973.68 4372.85 1693.86 0.00 
0.00 0.00 0.00 2475.15 3842.40 3802.18 4472.88 4447.35 4431.73 4425.52 4428.61 4438.76 4453.83 4471.75 4490.43 4507.80 4521.94 4531.42 4535.82 4536.02 4534.04 4532.58 4534.52 4542.67 4559.62 4587.82 4629.56 4687.13 4763.00 4860.13 4982.49 5133.74 5311.36 4705.93 4930.70 3383.97 0.00 0.00 
0.00 0.00 0.00 2476.50 3154.89 3825.05 4499.13 4477.86 4464.97 4462.00 4467.84 4480.57 4498.13 4518.40 4539.21 4558.31 4573.49 4583.09 4586.52 4584.76 4580.10 4575.59 4574.37 4579.39 4593.34 4618.62 4657.42 4711.77 4783.75 4875.60 4990.18 5132.63 5297.16 4679.62 4031.62 3320.79 0.00 0.00 
0.00 0.00 0.00 1056.78 2465.04 3147.07 3828.49 3809.80 4507.38 4507.69 4516.83 4532.76 4553.44 4576.72 4600.25 4621.53 4638.01 4647.69 4649.85 4645.59 4637.56 4629.19 4623.97 4625.09 4635.28 4656.94 4692.08 4742.44 4809.44 4894.06 4996.15 4343.84 4480.34 3817.79 3108.73 1394.73 0.00 0.00 
0.00 0.00 0.00 0.00 1759.21 2464.53 3156.94 3851.82 3846.67 3849.17 3859.08 3874.80 3894.58 3916.52 3938.55 3958.34 3973.44 3981.83 3982.71 3977.10 3967.58 3957.44 3949.92 3947.88 3953.70 3969.38 3996.54 4036.48 4090.26 4158.71 4242.85 4344.71 3662.18 2957.69 2178.58 0.00 0.00 0.00 
0.00 0.00 0.00 0.00 0.00 1055.01 2472.51 2475.04 3182.59 3185.91 3196.09 3211.22 3229.74 3250.07 3270.41 3288.65 3302.42 3309.63 3309.35 3302.53 3291.69 3280.01 3270.49 3265.65 3267.51 3277.67 3297.35 3327.38 3368.19 3419.56 3480.72 2782.26 2839.39 1246.75 0.00 0.00 0.00 0.00 
0.00 0.00 0.00 0.00 0.00 0.00 0.00 0.00 1071.25 1074.91 1079.00 1084.47 1091.10 1098.43 1105.83 1112.56 1117.73 1120.44 1120.22 1117.34 1112.77 1107.76 1103.45 1100.77 1100.40 1102.86 1108.52 1117.50 1129.54 1143.26 1154.02 0.00 0.00 0.00 0.00 0.00 0.00 0.00 
0.00 0.00 0.00 0.00 0.00 0.00 0.00 0.00 0.00 0.00 0.00 0.00 0.00 0.00 0.00 0.00 0.00 0.00 0.00 0.00 0.00 0.00 0.00 0.00 0.00 0.00 0.00 0.00 0.00 0.00 0.00 0.00 0.00 0.00 0.00 0.00 0.00 0.00 
