0.00 0.00 0.00 0.00 0.00 0.00 0.00 0.00 0.00 0.00 0.00 0.00 0.00 0.00 0.00 0.00 0.00 0.00 0.00 0.00 0.00 0.00 0.00 0.00 0.00 0.00 0.00 0.00 0.00 0.00 0.00 0.00 0.00 0.00 0.00 0.00 0.00 0.00 
0.00 0.00 0.00 0.00 0.00 0.00 0.00 0.00 0.00 0.00 0.00 0.00 0.00 0.00 0.00 0.00 0.00 0.00 0.00 0.00 0.00 0.00 0.00 0.00 0.00 0.00 0.00 0.00 0.00 0.00 0.00 0.00 0.00 0.00 0.00 0.00 0.00 0.00 
0.00 0.00 0.00 0.00 0.00 0.00 0.00 0.00 1470.89 1421.88 1355.57 1288.65 1226.16 1169.48 1118.78 1073.82 1034.27 999.71 969.78 944.08 922.27 904.01 889.00 876.96 867.61 860.71 855.94 852.89 851.21 850.45 849.32 0.00 0.00 0.00 0.00 0.00 0.00 0.00 
0.00 0.00 0.00 0.00 0.00 1699.61 3900.17 3734.86 4480.69 4249.70 4030.95 3827.96 3642.64 3475.32 3325.54 3192.42 3074.95 2972.05 2882.65 2805.71 2740.24 2685.29 2639.98 2603.51 2575.09 2553.96 2539.27 2529.99 2525.45 2525.38 2530.39 1975.33 1976.93 844.88 0.00 0.00 0.00 0.00 
0.00 0.00 0.00 0.00 2826.86 3968.81 4935.65 5731.18 5428.92 5145.94 4882.09 4638.54 4416.05 4214.64 4033.75 3872.49 3729.78 3604.43 3495.25 3401.04 3320.66 3253.00 3197.04 3151.78 3116.32 3089.73 3071.07 3059.30 3053.71 3054.03 3060.45 3072.80 2524.77 1975.01 1409.82 0.00 0.00 0.00 
0.00 0.00 0.00 1676.74 3942.89 5004.92 5925.80 5647.50 6334.11 6024.04 5723.72 5442.73 5184.42 4949.65 4738.14 4549.06 4381.31 4233.64 4104.74 3993.29 3897.98 3817.58 3750.89 3696.79 3654.22 3622.13 3599.48 3585.18 3578.49 3579.06 3586.95 3040.03 3061.12 2520.68 1975.31 845.11 0.00 0.00 
0.00 0.00 0.00 3914.57 5005.83 6030.99 6914.20 6619.90 6285.59 5970.46 5674.22 5398.78 5145.34 4914.30 4705.45 4518.16 4351.51 4204.42 4075.70 3964.13 3868.49 3787.59 3720.28 3665.49 3622.18 3589.38 3566.13 3551.50 3544.90 3546.16 3555.50 3573.18 3596.35 3061.91 2525.74 1977.79 0.00 0.00 
0.00 0.00 0.00 3901.20 6076.24 5944.88 6845.21 6552.25 6230.33 5921.16 5631.53 5361.93 5113.06 4885.36 4678.84 4493.10 4327.41 4180.83 4052.29 3940.65 3844.76 3763.47 3695.69 3640.35 3596.47 3563.11 3539.39 3524.50 3517.97 3519.77 3530.42 3549.08 3574.70 3042.08 3074.91 1976.64 0.00 0.00 
0.00 0.00 1659.78 4992.19 6032.06 7020.90 6802.31 6505.05 7161.10 6830.42 6505.11 6196.36 5909.31 5646.08 5407.21 5192.41 5000.86 4831.47 4682.99 4554.09 4443.40 4349.61 4271.41 4207.60 4157.00 4118.54 4091.17 4073.91 4066.09 4067.48 4078.25 3533.15 3559.49 3591.15 3063.96 2532.73 849.56 0.00 
0.00 0.00 1660.48 4980.37 6016.83 7004.22 6785.64 6487.31 7146.82 6817.71 6494.78 6187.86 5902.04 5639.62 5401.27 5186.79 4995.43 4826.13 4677.67 4548.72 4437.96 4344.05 4265.72 4201.75 4150.99 4112.36 4084.82 4067.40 4059.47 4060.80 4071.67 3526.82 3553.83 3586.08 3059.57 2528.82 850.25 0.00 
0.00 0.00 1659.79 4992.27 6032.35 7021.22 6802.90 6505.60 7161.57 6830.78 6505.39 6196.58 5909.49 5646.23 5407.34 5192.52 5000.96 4831.57 4683.08 4554.17 4443.48 4349.67 4271.46 4207.62 4156.99 4118.48 4091.03 4073.62 4065.56 4066.46 4076.11 3531.62 3557.80 3589.48 3062.17 2530.73 849.04 0.00 
0.00 0.00 0.00 3901.39 6077.30 5945.38 6846.83 6553.50 6231.24 5921.84 5632.05 5362.34 5113.39 4885.64 4679.08 4493.32 4327.61 4181.01 4052.46 3940.81 3844.90 3763.59 3695.78 3640.41 3596.46 3563.01 3539.15 3524.04 3517.17 3518.44 3528.35 3546.31 3571.02 3039.09 3071.34 1974.73 0.00 0.00 
0.00 0.00 0.00 3915.23 5006.14 6031.54 6917.36 6621.95 6286.95 5971.44 5674.96 5399.36 5145.81 4914.70 4705.80 4518.48 4351.80 4204.69 4075.95 3964.36 3868.70 3787.78 3720.44 3665.59 3622.20 3589.27 3565.83 3550.91 3543.89 3544.51 3552.92 3569.15 3592.52 3058.62 2522.32 1975.72 0.00 0.00 
0.00 0.00 0.00 1676.81 3943.13 5005.22 5927.22 5649.22 6335.72 6025.23 5724.63 5443.44 5185.00 4950.15 4738.58 4549.46 4381.69 4234.00 4105.07 3993.60 3898.27 3817.84 3751.11 3696.95 3654.29 3622.06 3599.19 3584.56 3577.37 3577.23 3584.18 3036.54 3057.64 2517.89 1973.24 844.40 0.00 0.00 
0.00 0.00 0.00 0.00 2827.82 3969.11 4937.12 5733.98 5430.59 5147.05 4882.92 4639.21 4416.61 4215.13 4034.20 3872.91 3730.17 3604.80 3495.60 3401.38 3320.98 3253.29 3197.29 3151.98 3116.43 3089.71 3070.85 3058.76 3052.69 3052.28 3057.62 3068.65 2521.10 1972.88 1408.46 0.00 0.00 0.00 
0.00 0.00 0.00 0.00 0.00 1699.57 3902.49 3735.96 4481.66 4250.45 4031.58 3828.51 3643.13 3475.77 3325.95 3192.81 3075.32 2972.41 2882.99 2806.04 2740.55 2685.58 2640.24 2603.72 2575.24 2554.00 2539.15 2529.60 2524.62 2523.82 2527.46 1973.04 1974.64 844.11 0.00 0.00 0.00 0.00 
0.00 0.00 0.00 0.00 0.00 0.00 0.00 0.00 1470.99 1422.00 1355.71 1288.81 1226.33 1169.64 1118.93 1073.97 1034.41 999.85 969.91 944.21 922.40 904.13 889.11 877.05 867.68 860.74 855.91 852.76 850.92 849.89 848.40 0.00 0.00 0.00 0.00 0.00 0.00 0.00 
0.00 0.00 0.00 0.00 0.00 0.00 0.00 0.00 0.00 0.00 0.00 0.00 0.00 0.00 0.00 0.00 0.00 0.00 0.00 0.00 0.00 0.00 0.00 0.00 0.00 0.00 0.00 0.00 0.00 0.00 0.00 0.00 0.00 0.00 0.00 0.00 0.00 0.00 
