0.00 0.00 0.00 0.00 0.00 0.00 0.00 0.00 0.00 0.00 0.00 0.00 0.00 0.00 0.00 0.00 0.00 0.00 0.00 0.00 0.00 0.00 0.00 0.00 0.00 0.00 0.00 0.00 0.00 0.00 0.00 0.00 0.00 0.00 0.00 0.00 0.00 0.00 
0.00 0.00 0.00 0.00 0.00 0.00 0.00 0.00 0.00 0.00 0.00 0.00 0.00 0.00 0.00 0.00 0.00 0.00 0.00 0.00 0.00 0.00 0.00 0.00 0.00 0.00 0.00 0.00 0.00 0.00 0.00 0.00 0.00 0.00 0.00 0.00 0.00 0.00 
0.00 0.00 0.00 0.00 0.00 0.00 0.00 0.00 1022.03 1027.41 1032.47 1033.37 1029.38 1020.78 1008.21 992.40 974.16 954.28 933.54 912.65 892.23 872.78 854.65 838.06 823.06 809.62 797.71 787.35 778.54 771.61 768.61 0.00 0.00 0.00 0.00 0.00 0.00 0.00 
0.00 0.00 0.00 0.00 0.00 948.93 2276.80 2325.31 3064.26 3103.83 3126.56 3132.67 3123.16 3099.70 3064.34 3019.31 2966.92 2909.46 2849.14 2788.01 2727.85 2670.10 2615.83 2565.68 2519.94 2478.57 2441.45 2408.48 2379.11 2352.24 2325.70 1785.31 1775.67 761.76 0.00 0.00 0.00 0.00 
0.00 0.00 0.00 0.00 1477.28 2163.26 2915.97 3680.97 3761.68 3817.53 3850.19 3861.33 3852.99 3827.51 3787.49 3735.66 3674.77 3607.52 3536.53 3464.16 3392.52 3323.30 3257.77 3196.74 3140.59 3089.35 3042.84 3000.79 2962.39 2926.24 2890.27 2852.79 2306.95 1771.48 1263.60 0.00 0.00 0.00 
0.00 0.00 0.00 783.73 1999.40 2761.14 3558.84 3683.20 4463.94 4533.55 4576.04 4592.77 4586.19 4559.22 4514.99 4456.75 4387.70 4311.00 4229.61 4146.27 4063.38 3982.88 3906.24 3834.43 3767.91 3706.75 3650.75 3599.51 3552.10 3507.10 3462.85 2901.14 2855.36 2304.02 1766.52 757.67 0.00 0.00 
0.00 0.00 0.00 1735.91 2521.61 3355.74 4201.65 4352.98 4471.72 4553.05 4602.59 4624.36 4621.92 4598.70 4558.04 4503.23 4437.49 4363.90 4285.35 4204.49 4123.62 4044.65 3968.99 3897.61 3831.00 3769.23 3712.07 3659.01 3608.98 3560.32 3510.80 3457.84 3405.49 2842.74 2290.42 1760.03 0.00 0.00 
0.00 0.00 0.00 1668.93 3080.46 3326.07 4185.21 4352.10 4479.90 4568.98 4623.86 4649.66 4650.60 4630.43 4592.66 4540.62 4477.53 4406.42 4330.13 4251.23 4171.98 4094.21 4019.33 3948.29 3881.59 3819.31 3761.21 3706.71 3654.66 3603.24 3549.83 3494.06 3436.74 2870.51 2816.36 1761.55 0.00 0.00 
0.00 0.00 469.76 2138.55 3037.84 3944.03 4171.53 4350.90 5169.28 5265.75 5326.78 5355.64 5356.19 5332.46 5288.39 5227.85 5154.55 5072.04 4983.63 4892.31 4800.69 4710.92 4624.61 4542.85 4466.20 4394.75 4328.21 4265.99 4206.93 4149.41 4091.42 3518.05 3458.40 3398.33 2831.24 2276.34 750.58 0.00 
0.00 0.00 457.23 2127.96 3025.34 3937.38 4167.45 4350.68 5170.90 5269.43 5331.61 5361.35 5362.69 5339.69 5296.32 5236.46 5163.81 5081.91 4994.06 4903.24 4812.04 4722.59 4636.50 4554.86 4478.23 4406.72 4340.03 4277.59 4218.25 4160.39 4101.84 3527.53 3466.49 3405.40 2837.20 2281.60 749.65 0.00 
0.00 0.00 469.68 2137.27 3036.45 3943.09 4170.88 4350.48 5169.00 5265.56 5326.65 5355.55 5356.13 5332.41 5288.35 5227.81 5154.51 5072.00 4983.59 4892.27 4800.66 4710.89 4624.59 4542.85 4466.22 4394.83 4328.39 4266.34 4207.62 4150.80 4094.51 3520.13 3460.64 3400.49 2833.54 2278.95 751.26 0.00 
0.00 0.00 0.00 1666.48 3077.57 3324.45 4183.98 4351.30 4479.38 4568.64 4623.64 4649.50 4650.48 4630.34 4592.58 4540.55 4477.46 4406.35 4330.06 4251.16 4171.91 4094.15 4019.28 3948.27 3881.62 3819.44 3761.49 3707.26 3655.65 3604.95 3552.59 3497.76 3441.69 2874.41 2820.99 1763.91 0.00 0.00 
0.00 0.00 0.00 1732.35 2519.24 3353.96 4199.95 4351.91 4471.04 4552.59 4602.28 4624.14 4621.76 4598.57 4557.93 4503.14 4437.40 4363.80 4285.25 4204.38 4123.52 4044.54 3968.90 3897.56 3831.01 3769.36 3712.40 3659.68 3610.20 3562.39 3514.15 3463.27 3410.46 2846.90 2294.77 1762.55 0.00 0.00 
0.00 0.00 0.00 783.20 1997.77 2759.73 3557.55 3682.20 4463.17 4533.04 4575.69 4592.53 4586.00 4559.06 4514.86 4456.63 4387.58 4310.87 4229.47 4146.13 4063.23 3982.73 3906.11 3834.32 3767.86 3706.84 3651.06 3600.20 3553.39 3509.33 3466.36 2905.70 2859.77 2307.45 1768.96 758.48 0.00 0.00 
0.00 0.00 0.00 0.00 1475.68 2162.11 2914.88 3679.74 3760.95 3817.06 3849.87 3861.10 3852.81 3827.36 3787.36 3735.54 3674.64 3607.39 3536.39 3464.01 3392.36 3323.14 3257.61 3196.60 3140.50 3089.36 3043.04 3001.34 2963.53 2928.36 2893.88 2858.23 2311.67 1774.01 1265.18 0.00 0.00 0.00 
0.00 0.00 0.00 0.00 0.00 948.61 2275.83 2324.72 3063.79 3103.50 3126.31 3132.48 3123.01 3099.57 3064.22 3019.19 2966.80 2909.33 2849.00 2787.86 2727.69 2669.93 2615.66 2565.52 2519.80 2478.50 2441.52 2408.84 2379.99 2354.12 2329.55 1788.16 1778.46 762.64 0.00 0.00 0.00 0.00 
0.00 0.00 0.00 0.00 0.00 0.00 0.00 0.00 1021.94 1027.33 1032.40 1033.31 1029.32 1020.73 1008.16 992.36 974.11 954.24 933.49 912.60 892.17 872.72 854.59 837.99 822.99 809.58 797.72 787.46 778.85 772.28 769.80 0.00 0.00 0.00 0.00 0.00 0.00 0.00 
0.00 0.00 0.00 0.00 0.00 0.00 0.00 0.00 0.00 0.00 0.00 0.00 0.00 0.00 0.00 0.00 0.00 0.00 0.00 0.00 0.00 0.00 0.00 0.00 0.00 0.00 0.00 0.00 0.00 0.00 0.00 0.00 0.00 0.00 0.00 0.00 0.00 0.00 
