0.00 0.00 0.00 0.00 0.00 0.00 0.00 0.00 0.00 0.00 0.00 0.00 0.00 0.00 0.00 0.00 0.00 0.00 0.00 0.00 0.00 0.00 0.00 0.00 0.00 0.00 0.00 0.00 0.00 0.00 0.00 0.00 0.00 0.00 0.00 0.00 0.00 0.00 
0.00 0.00 0.00 0.00 0.00 0.00 0.00 0.00 0.00 0.00 0.00 0.00 0.00 0.00 0.00 0.00 0.00 0.00 0.00 0.00 0.00 0.00 0.00 0.00 0.00 0.00 0.00 0.00 0.00 0.00 0.00 0.00 0.00 0.00 0.00 0.00 0.00 0.00 
0.00 0.00 0.00 0.00 0.00 0.00 0.00 0.00 487.11 498.87 521.22 550.81 587.21 630.00 677.05 725.15 771.92 816.04 856.85 894.02 927.42 957.01 982.80 1004.88 1023.33 1038.32 1050.11 1059.15 1065.78 1070.36 1073.92 0.00 0.00 0.00 0.00 0.00 0.00 0.00 
0.00 0.00 0.00 0.00 0.00 452.58 1067.52 1094.56 1478.85 1546.71 1626.43 1721.16 1832.23 1958.07 2092.99 2229.89 2363.44 2490.26 2608.40 2716.70 2814.55 2901.67 2978.00 3043.62 3098.79 3143.90 3179.66 3207.16 3227.09 3239.69 3244.23 2523.45 2526.46 1087.19 0.00 0.00 0.00 0.00 
0.00 0.00 0.00 0.00 738.08 1045.65 1399.72 1782.08 1864.25 1954.51 2056.85 2174.59 2309.08 2458.45 2617.04 2777.90 2935.46 3085.90 3226.78 3356.57 3474.36 3579.67 3672.32 3752.34 3819.97 3875.64 3920.07 3954.30 3979.02 3994.53 4000.74 3998.24 3267.40 2534.01 1813.30 0.00 0.00 0.00 
0.00 0.00 0.00 437.21 1027.33 1374.64 1752.79 1838.18 2262.47 2370.69 2493.94 2633.97 2791.45 2964.16 3146.36 3331.07 3512.42 3686.21 3849.57 4000.60 4138.15 4261.52 4370.40 4464.78 4544.86 4611.08 4664.17 4705.11 4734.60 4752.94 4759.89 4034.42 4020.63 3278.67 2537.75 1090.40 0.00 0.00 
0.00 0.00 0.00 1009.87 1341.68 1710.80 2108.07 2206.22 2317.20 2434.14 2561.73 2702.90 2858.74 3027.58 3204.64 3383.95 3560.33 3729.91 3889.91 4038.41 4174.14 4296.32 4404.56 4498.73 4578.97 4645.61 4699.22 4740.60 4770.24 4788.30 4794.64 4789.41 4775.01 4028.15 3278.55 2538.22 0.00 0.00 
0.00 0.00 0.00 1010.12 1659.94 1741.61 2142.80 2248.36 2363.42 2485.86 2616.52 2758.59 2913.18 3078.88 3251.69 3426.57 3598.93 3765.12 3922.42 4068.88 4203.15 4324.37 4432.06 4526.05 4606.39 4673.34 4727.35 4769.03 4798.75 4816.50 4821.81 4815.77 4799.11 4050.37 4020.21 2539.86 0.00 0.00 
0.00 0.00 422.34 1310.74 1674.91 2065.43 2165.90 2276.05 2723.06 2855.88 3002.30 3163.87 3341.24 3532.84 3733.93 3937.90 4138.87 4332.39 4515.26 4685.29 4840.97 4981.39 5106.03 5214.71 5307.53 5384.82 5447.13 5495.21 5529.56 5550.29 5557.11 4833.08 4816.16 4790.66 4032.59 3275.12 1087.40 0.00 
0.00 0.00 420.77 1315.44 1680.23 2072.30 2173.93 2286.23 2734.05 2868.17 3015.04 3176.59 3353.50 3544.28 3744.36 3947.34 4147.44 4340.23 4522.55 4692.15 4847.55 4987.78 5112.33 5221.00 5313.89 5391.29 5453.75 5501.99 5536.47 5557.29 5564.04 4839.85 4822.33 4796.16 4037.41 3279.41 1086.67 0.00 
0.00 0.00 422.32 1310.54 1674.50 2065.08 2165.58 2275.80 2722.86 2855.73 3002.17 3163.75 3341.10 3532.70 3733.77 3937.74 4138.70 4332.21 4515.08 4685.10 4840.79 4981.21 5105.86 5214.56 5307.41 5384.74 5447.12 5495.34 5529.93 5551.16 5559.16 4834.48 4817.71 4792.19 4034.27 3277.08 1087.92 0.00 
0.00 0.00 0.00 1009.73 1658.91 1741.00 2142.10 2247.84 2363.04 2485.57 2616.27 2758.35 2912.93 3078.60 3251.39 3426.25 3598.59 3764.77 3922.07 4068.53 4202.79 4324.02 4431.74 4525.75 4606.13 4673.16 4727.30 4769.18 4799.23 4817.50 4823.58 4818.25 4802.55 4053.12 4023.58 2541.58 0.00 0.00 
0.00 0.00 0.00 1009.05 1341.02 1710.09 2106.86 2205.43 2316.65 2433.73 2561.38 2702.56 2858.37 3027.16 3204.19 3383.46 3559.82 3729.39 3889.38 4037.87 4173.61 4295.80 4404.05 4498.26 4578.56 4645.30 4699.08 4740.71 4770.76 4789.46 4796.74 4793.02 4778.37 4031.02 3281.66 2540.00 0.00 0.00 
0.00 0.00 0.00 437.04 1026.75 1374.03 1752.02 1837.41 2261.81 2370.19 2493.52 2633.55 2790.98 2963.63 3145.77 3330.43 3511.75 3685.52 3848.86 3999.90 4137.44 4260.82 4369.73 4464.14 4544.29 4610.62 4663.88 4705.11 4735.07 4754.10 4762.00 4037.37 4023.52 3280.95 2539.38 1090.93 0.00 0.00 
0.00 0.00 0.00 0.00 737.22 1045.04 1398.97 1780.82 1863.54 1954.04 2056.46 2174.18 2308.60 2457.89 2616.40 2777.21 2934.74 3085.16 3226.03 3355.82 3473.61 3578.92 3671.59 3751.64 3819.32 3875.08 3919.68 3954.18 3979.35 3995.58 4002.86 4001.72 3270.49 2535.62 1814.30 0.00 0.00 0.00 
0.00 0.00 0.00 0.00 0.00 452.40 1066.60 1094.08 1478.45 1546.40 1626.13 1720.81 1831.79 1957.53 2092.36 2229.21 2362.72 2489.53 2607.66 2715.96 2813.81 2900.93 2977.27 3042.91 3098.12 3143.30 3179.18 3206.90 3227.24 3240.56 3246.49 2525.16 2528.17 1087.70 0.00 0.00 0.00 0.00 
0.00 0.00 0.00 0.00 0.00 0.00 0.00 0.00 487.04 498.80 521.13 550.69 587.04 629.78 676.80 724.87 771.62 815.74 856.54 893.72 927.12 956.70 982.50 1004.59 1023.05 1038.07 1049.90 1059.02 1065.80 1070.64 1074.57 0.00 0.00 0.00 0.00 0.00 0.00 0.00 
0.00 0.00 0.00 0.00 0.00 0.00 0.00 0.00 0.00 0.00 0.00 0.00 0.00 0.00 0.00 0.00 0.00 0.00 0.00 0.00 0.00 0.00 0.00 0.00 0.00 0.00 0.00 0.00 0.00 0.00 0.00 0.00 0.00 0.00 0.00 0.00 0.00 0.00 
