0.00 0.00 0.00 0.00 0.00 0.00 0.00 0.00 0.00 0.00 0.00 0.00 0.00 0.00 0.00 0.00 0.00 0.00 0.00 0.00 0.00 0.00 0.00 0.00 0.00 0.00 0.00 0.00 0.00 0.00 0.00 0.00 0.00 0.00 0.00 0.00 0.00 0.00 
0.00 0.00 0.00 0.00 0.00 0.00 0.00 0.00 0.00 0.00 0.00 0.00 0.00 0.00 0.00 0.00 0.00 0.00 0.00 0.00 0.00 0.00 0.00 0.00 0.00 0.00 0.00 0.00 0.00 0.00 0.00 0.00 0.00 0.00 0.00 0.00 0.00 0.00 
0.00 0.00 0.00 0.00 0.00 0.00 0.00 0.00 1198.33 1197.96 1197.59 1195.59 1191.56 1185.42 1177.12 1166.53 1153.48 1137.73 1118.98 1096.93 1071.25 1041.64 1007.81 969.53 926.62 879.09 827.21 772.00 715.85 664.76 633.18 0.00 0.00 0.00 0.00 0.00 0.00 0.00 
0.00 0.00 0.00 0.00 0.00 1191.24 2786.41 2795.68 3612.05 3620.55 3621.92 3616.56 3604.60 3586.11 3560.98 3528.90 3489.39 3441.78 3385.31 3319.13 3242.39 3154.26 3054.01 2941.08 2815.18 2676.44 2525.86 2366.01 2201.74 2041.69 1897.40 1356.51 1298.63 545.04 0.00 0.00 0.00 0.00 
0.00 0.00 0.00 0.00 1965.73 2768.48 3593.07 4420.50 4441.60 4453.73 4456.82 4451.26 4437.32 4415.13 4384.61 4345.45 4297.10 4238.86 4169.87 4089.22 3995.97 3889.25 3768.33 3632.70 3482.19 3317.22 3139.17 2950.98 2757.63 2566.85 2388.01 2225.57 1709.65 1253.64 878.78 0.00 0.00 0.00 
0.00 0.00 0.00 1161.24 2738.66 3568.85 4408.03 4444.19 5273.96 5289.61 5294.48 5288.87 5273.10 5247.35 5211.56 5165.41 5108.32 5039.54 4958.15 4863.16 4753.59 4628.54 4487.26 4329.31 4154.68 3964.03 3759.08 3543.22 3322.04 3104.35 2902.67 2303.73 2153.02 1659.76 1222.76 519.49 0.00 0.00 
0.00 0.00 0.00 2688.51 3522.01 4371.58 5223.71 5265.93 5297.98 5317.01 5324.00 5319.81 5305.02 5279.93 5244.56 5198.65 5141.74 5073.12 4992.00 4897.50 4788.76 4665.02 4525.69 4370.50 4199.59 4013.74 3814.64 3605.28 3390.10 3175.31 2967.89 2769.38 2598.94 2075.75 1605.66 1197.99 0.00 0.00 
0.00 0.00 0.00 2678.22 4312.91 4379.94 5235.57 5282.69 5317.37 5338.99 5347.66 5344.61 5330.61 5306.06 5271.04 5225.36 5168.58 5100.12 5019.24 4925.16 4817.12 4694.48 4556.77 4403.84 4235.97 4054.04 3859.73 3655.78 3445.94 3234.82 3026.69 2828.26 2649.76 2122.41 1992.93 1200.04 0.00 0.00 
0.00 0.00 1099.21 3447.43 4312.29 5180.89 5243.43 5293.52 6130.13 6152.92 6162.27 6158.64 6142.55 6114.34 6074.08 6021.54 5956.20 5877.36 5784.15 5675.66 5550.97 5409.30 5250.09 5073.12 4878.66 4667.69 4442.16 4205.52 3963.07 3722.99 3496.61 2867.65 2683.46 2519.60 2017.04 1561.76 503.00 0.00 
0.00 0.00 1096.19 3447.45 4312.42 5182.65 5246.17 5297.50 6134.30 6157.91 6167.68 6164.32 6148.44 6120.38 6080.22 6027.74 5962.45 5883.66 5790.51 5682.11 5557.58 5416.15 5257.30 5080.84 4887.07 4677.00 4452.64 4217.43 3976.67 3738.24 3512.14 2883.00 2696.08 2530.83 2026.35 1570.20 501.36 0.00 
0.00 0.00 1099.18 3447.13 4311.86 5180.58 5243.18 5293.34 6130.01 6152.83 6162.21 6158.60 6142.52 6114.32 6074.06 6021.52 5956.18 5877.33 5784.11 5675.60 5550.89 5409.19 5249.95 5072.94 4878.43 4667.42 4441.89 4205.33 3963.22 3724.17 3500.67 2869.77 2685.74 2521.63 2019.38 1564.96 503.91 0.00 
0.00 0.00 0.00 2677.64 4311.95 4379.40 5235.07 5282.34 5317.14 5338.84 5347.55 5344.54 5330.56 5306.02 5271.00 5225.31 5168.53 5100.06 5019.15 4925.05 4816.97 4694.28 4556.50 4403.49 4235.52 4053.50 3859.12 3655.21 3445.63 3235.26 3028.62 2831.62 2655.24 2126.13 1997.78 1201.61 0.00 0.00 
0.00 0.00 0.00 2687.56 3521.34 4370.98 5222.93 5265.43 5297.65 5316.79 5323.86 5319.71 5304.95 5279.87 5244.50 5198.60 5141.66 5073.03 4991.88 4897.34 4788.54 4664.72 4525.30 4369.97 4198.90 4012.88 3813.62 3604.17 3389.14 3175.03 2969.29 2774.33 2602.54 2078.23 1609.14 1198.99 0.00 0.00 
0.00 0.00 0.00 1161.10 2738.16 3568.37 4407.50 4443.71 5273.59 5289.37 5294.31 5288.75 5273.02 5247.28 5211.50 5165.34 5108.24 5039.43 4958.00 4862.97 4753.32 4628.17 4486.76 4328.63 4153.77 3962.85 3757.60 3541.50 3320.29 3103.11 2902.82 2306.28 2154.78 1660.47 1222.63 519.13 0.00 0.00 
0.00 0.00 0.00 0.00 1965.08 2768.04 3592.58 4419.79 4441.22 4453.50 4456.68 4451.16 4437.24 4415.07 4384.55 4345.38 4297.02 4238.76 4169.73 4089.03 3995.71 3888.89 3767.83 3632.00 3481.24 3315.95 3137.52 2948.96 2755.46 2565.14 2388.01 2228.53 1712.16 1253.13 878.04 0.00 0.00 0.00 
0.00 0.00 0.00 0.00 0.00 1191.12 2785.87 2795.39 3611.82 3620.40 3621.82 3616.48 3604.55 3586.06 3560.93 3528.84 3489.32 3441.69 3385.19 3318.96 3242.15 3153.93 3053.55 2940.44 2814.28 2675.21 2524.20 2363.88 2199.32 2039.75 1898.08 1356.35 1298.18 544.26 0.00 0.00 0.00 0.00 
0.00 0.00 0.00 0.00 0.00 0.00 0.00 0.00 1198.29 1197.93 1197.57 1195.57 1191.54 1185.40 1177.10 1166.51 1153.46 1137.70 1118.94 1096.87 1071.17 1041.53 1007.65 969.29 926.29 878.62 826.57 771.15 714.86 663.92 633.09 0.00 0.00 0.00 0.00 0.00 0.00 0.00 
0.00 0.00 0.00 0.00 0.00 0.00 0.00 0.00 0.00 0.00 0.00 0.00 0.00 0.00 0.00 0.00 0.00 0.00 0.00 0.00 0.00 0.00 0.00 0.00 0.00 0.00 0.00 0.00 0.00 0.00 0.00 0.00 0.00 0.00 0.00 0.00 0.00 0.00 
