0.00 0.00 0.00 0.00 0.00 0.00 0.00 0.00 0.00 0.00 0.00 0.00 0.00 0.00 0.00 0.00 0.00 0.00 0.00 0.00 0.00 0.00 0.00 0.00 0.00 0.00 0.00 0.00 0.00 0.00 0.00 0.00 0.00 0.00 0.00 0.00 0.00 0.00 
0.00 0.00 0.00 0.00 0.00 0.00 0.00 0.00 0.00 0.00 0.00 0.00 0.00 0.00 0.00 0.00 0.00 0.00 0.00 0.00 0.00 0.00 0.00 0.00 0.00 0.00 0.00 0.00 0.00 0.00 0.00 0.00 0.00 0.00 0.00 0.00 0.00 0.00 
0.00 0.00 0.00 0.00 0.00 0.00 0.00 0.00 888.33 889.44 890.88 894.16 899.59 907.25 917.16 929.44 944.25 961.84 982.48 1006.49 1034.21 1065.96 1102.07 1142.85 1188.55 1239.35 1295.21 1355.50 1418.30 1477.89 1517.37 0.00 0.00 0.00 0.00 0.00 0.00 0.00 
0.00 0.00 0.00 0.00 0.00 891.83 2076.37 2069.10 2646.34 2640.92 2643.08 2652.36 2668.58 2691.64 2721.61 2758.78 2803.61 2856.74 2918.95 2991.09 3074.05 3168.71 3275.92 3396.42 3530.78 3679.30 3841.61 4016.14 4199.40 4384.34 4558.90 3688.72 3733.24 1593.04 0.00 0.00 0.00 0.00 
0.00 0.00 0.00 0.00 1503.66 2091.00 2658.27 3223.99 3206.65 3198.58 3199.93 3210.35 3229.53 3257.31 3293.76 3339.17 3394.05 3459.10 3535.18 3623.21 3724.15 3838.97 3968.52 4113.50 4274.37 4451.14 4643.03 4847.95 5061.96 5278.15 5485.59 5669.75 4731.87 3712.15 2640.82 0.00 0.00 0.00 
0.00 0.00 0.00 918.48 2117.28 2678.20 3231.70 3199.29 3764.49 3753.58 3754.01 3765.39 3787.36 3819.75 3862.57 3916.13 3980.97 4057.84 4147.67 4251.44 4370.18 4504.88 4656.40 4825.38 5012.11 5216.31 5436.81 5670.83 5913.38 6155.51 6381.41 5557.98 5692.24 4706.71 3688.15 1571.41 0.00 0.00 
0.00 0.00 0.00 2162.86 2720.19 3262.91 3804.42 3766.68 3739.52 3725.55 3723.98 3734.01 3755.05 3786.80 3829.22 3882.55 3947.27 4024.03 4113.64 4216.98 4334.95 4468.38 4617.94 4784.05 4966.75 5165.52 5378.94 5604.33 5837.42 6071.68 6297.72 6504.90 6653.01 5691.70 4697.53 3671.28 0.00 0.00 
0.00 0.00 0.00 2172.02 3316.15 3253.46 3791.62 3749.22 3719.54 3703.11 3699.95 3708.87 3729.14 3760.37 3802.46 3855.60 3920.19 3996.84 4086.25 4189.21 4306.52 4438.87 4586.78 4750.50 4929.87 5124.14 5331.71 5549.87 5774.70 6000.95 6222.19 6423.35 6578.51 5625.49 5710.09 3661.83 0.00 0.00 
0.00 0.00 974.98 2788.07 3315.72 3840.62 3783.03 3737.94 4297.62 4280.53 4277.40 4287.76 4311.07 4346.97 4395.39 4456.53 4530.89 4619.16 4722.19 4840.92 4976.27 5129.09 5300.01 5489.37 5697.03 5922.18 6162.98 6416.08 6675.94 6933.33 7172.81 6367.88 6526.36 6644.56 5676.71 4688.99 1562.65 0.00 
0.00 0.00 977.78 2787.73 3315.27 3838.62 3780.06 3733.80 4293.34 4275.45 4271.91 4282.00 4305.11 4340.86 4389.18 4450.27 4524.58 4612.82 4715.80 4834.44 4969.65 5122.22 5292.78 5481.60 5688.51 5912.61 6152.00 6403.22 6660.64 6915.21 7152.95 6346.39 6507.79 6629.65 5664.45 4679.20 1563.29 0.00 
0.00 0.00 975.02 2788.35 3316.14 3840.92 3783.27 3738.11 4297.74 4280.62 4277.46 4287.80 4311.10 4347.00 4395.41 4456.56 4530.92 4619.19 4722.24 4840.98 4976.35 5129.20 5300.15 5489.54 5697.24 5922.40 6163.18 6416.13 6675.54 6931.65 7167.64 6364.98 6523.36 6642.04 5674.12 4685.91 1561.86 0.00 
0.00 0.00 0.00 2172.56 3317.08 3253.98 3792.11 3749.56 3719.76 3703.26 3700.05 3708.95 3729.20 3760.41 3802.51 3855.65 3920.25 3996.90 4086.33 4189.33 4306.67 4439.07 4587.04 4750.83 4930.28 5124.61 5332.20 5550.26 5774.69 5999.97 6219.34 6418.64 6571.20 5620.75 5704.59 3659.81 0.00 0.00 
0.00 0.00 0.00 2163.77 2720.84 3263.48 3805.20 3767.18 3739.84 3725.76 3724.13 3734.11 3755.12 3786.86 3829.28 3882.62 3947.35 4024.12 4113.76 4217.15 4335.17 4468.67 4618.32 4784.55 4967.39 5166.29 5379.83 5605.22 5838.03 6071.40 6295.31 6497.71 6647.48 5687.65 4692.94 3669.32 0.00 0.00 
0.00 0.00 0.00 918.61 2117.77 2678.67 3232.22 3199.75 3764.86 3753.83 3754.17 3765.50 3787.45 3819.82 3862.64 3916.21 3981.06 4057.96 4147.82 4251.64 4370.45 4505.25 4656.89 4826.03 5012.96 5217.41 5438.15 5672.35 5914.83 6156.31 6380.47 5553.73 5688.44 4703.95 3686.63 1571.05 0.00 0.00 
0.00 0.00 0.00 0.00 1504.29 2091.42 2658.75 3224.69 3207.04 3198.81 3200.08 3210.45 3229.61 3257.38 3293.83 3339.25 3394.14 3459.22 3535.33 3623.41 3724.43 3839.34 3969.02 4114.18 4275.28 4452.33 4644.57 4849.81 5063.91 5279.55 5484.94 5664.80 4726.79 3710.56 2640.01 0.00 0.00 0.00 
0.00 0.00 0.00 0.00 0.00 891.95 2076.89 2069.39 2646.56 2641.07 2643.18 2652.44 2668.65 2691.70 2721.67 2758.85 2803.69 2856.85 2919.09 2991.27 3074.29 3169.04 3276.37 3397.04 3531.64 3680.46 3843.18 4018.14 4201.66 4386.11 4557.72 3688.09 3732.01 1592.87 0.00 0.00 0.00 0.00 
0.00 0.00 0.00 0.00 0.00 0.00 0.00 0.00 888.37 889.47 890.91 894.18 899.61 907.27 917.18 929.46 944.28 961.87 982.53 1006.56 1034.30 1066.08 1102.23 1143.07 1188.86 1239.79 1295.81 1356.28 1419.22 1478.69 1517.39 0.00 0.00 0.00 0.00 0.00 0.00 0.00 
0.00 0.00 0.00 0.00 0.00 0.00 0.00 0.00 0.00 0.00 0.00 0.00 0.00 0.00 0.00 0.00 0.00 0.00 0.00 0.00 0.00 0.00 0.00 0.00 0.00 0.00 0.00 0.00 0.00 0.00 0.00 0.00 0.00 0.00 0.00 0.00 0.00 0.00 
