0.00 0.00 0.00 0.00 0.00 0.00 0.00 0.00 0.00 0.00 0.00 0.00 0.00 0.00 0.00 0.00 0.00 0.00 0.00 0.00 0.00 0.00 0.00 0.00 0.00 0.00 0.00 0.00 0.00 0.00 0.00 0.00 0.00 0.00 0.00 0.00 0.00 0.00 
0.00 0.00 0.00 0.00 0.00 0.00 0.00 0.00 0.00 0.00 0.00 0.00 0.00 0.00 0.00 0.00 0.00 0.00 0.00 0.00 0.00 0.00 0.00 0.00 0.00 0.00 0.00 0.00 0.00 0.00 0.00 0.00 0.00 0.00 0.00 0.00 0.00 0.00 
0.00 0.00 0.00 0.00 0.00 0.00 0.00 0.00 1350.43 1322.15 1285.07 1248.13 1214.10 1183.68 1156.80 1133.12 1112.20 1093.61 1077.00 1062.07 1048.63 1036.56 1025.80 1016.35 1008.22 1001.43 995.95 991.66 988.52 986.33 984.02 0.00 0.00 0.00 0.00 0.00 0.00 0.00 
0.00 0.00 0.00 0.00 0.00 1556.54 3480.59 3358.18 4110.42 3968.59 3837.14 3717.86 3611.45 3517.50 3434.93 3362.41 3298.55 3242.03 3191.74 3146.80 3106.57 3070.66 3038.84 3011.03 2987.22 2967.42 2951.57 2939.44 2931.13 2927.14 2928.82 2281.90 2280.87 973.57 0.00 0.00 0.00 0.00 
0.00 0.00 0.00 0.00 2806.14 3731.56 4516.51 5247.67 5029.81 4838.09 4667.42 4515.79 4381.83 4264.05 4160.73 4070.08 3990.35 3919.95 3857.51 3801.94 3752.45 3708.48 3669.72 3635.99 3607.25 3583.47 3564.61 3550.53 3541.43 3537.84 3540.63 3549.88 2912.19 2274.51 1621.99 0.00 0.00 0.00 
0.00 0.00 0.00 1882.22 4058.07 4852.01 5552.28 5276.78 5933.68 5703.64 5496.13 5311.97 5149.83 5007.63 4883.10 4773.98 4678.13 4593.64 4518.88 4452.56 4393.69 4341.59 4295.83 4256.16 4222.49 4194.77 4172.98 4157.05 4147.23 4144.10 4148.62 3510.59 3530.30 2902.58 2271.56 971.01 0.00 0.00 
0.00 0.00 0.00 4558.43 5318.08 5979.07 6586.81 6253.66 5953.13 5698.57 5478.23 5286.39 5119.10 4973.15 4845.70 4734.22 4636.45 4550.44 4474.53 4407.40 4348.02 4295.68 4249.90 4210.39 4177.01 4149.71 4128.52 4113.45 4104.85 4103.39 4110.03 4125.43 4147.16 3525.59 2904.24 2271.68 0.00 0.00 
0.00 0.00 0.00 4657.38 6495.97 6044.82 6634.49 6276.01 5960.79 5692.60 5463.45 5265.82 5094.50 4945.53 4815.71 4702.33 4603.03 4515.80 4438.97 4371.19 4311.41 4258.88 4213.08 4173.69 4140.55 4113.62 4092.91 4078.54 4070.92 4070.84 4079.56 4096.54 4121.33 3502.21 3535.94 2269.85 0.00 0.00 
0.00 0.00 2218.90 5937.35 6555.48 7109.91 6671.12 6290.55 6858.01 6565.60 6308.34 6083.31 5886.97 5715.77 5566.40 5435.84 5321.44 5220.89 5132.25 5053.98 4984.89 4924.11 4871.07 4825.42 4786.96 4755.65 4731.52 4714.67 4705.50 4704.77 4713.55 4077.49 4103.10 4134.80 3523.06 2908.61 974.19 0.00 
0.00 0.00 2234.11 5937.62 6570.72 7121.29 6681.72 6295.22 6858.66 6563.29 6304.53 6078.48 5881.33 5709.47 5559.54 5428.51 5313.73 5212.86 5123.98 5045.53 4976.32 4915.47 4862.41 4816.75 4778.32 4747.05 4722.98 4706.21 4697.16 4696.57 4705.63 4069.97 4096.39 4128.91 3517.97 2904.13 974.91 0.00 
0.00 0.00 2218.82 5940.07 6558.23 7111.82 6672.43 6291.43 6858.64 6566.03 6308.65 6083.53 5887.14 5715.90 5566.50 5435.93 5321.51 5220.95 5132.31 5054.03 4984.93 4924.14 4871.09 4825.40 4786.91 4755.54 4731.32 4714.32 4704.87 4703.59 4711.06 4075.75 4101.21 4132.96 3521.11 2906.42 973.63 0.00 
0.00 0.00 0.00 4662.68 6501.57 6048.13 6636.97 6277.67 5961.92 5693.39 5464.01 5266.24 5094.81 4945.77 4815.91 4702.49 4603.16 4515.92 4439.08 4371.28 4311.49 4258.93 4213.11 4173.68 4140.47 4113.44 4092.58 4077.97 4069.97 4069.31 4077.20 4093.41 4117.20 3498.90 3532.02 2267.78 0.00 0.00 
0.00 0.00 0.00 4565.80 5323.13 5982.86 6590.11 6255.87 5954.64 5699.64 5479.01 5286.96 5119.54 4973.49 4845.98 4734.45 4636.65 4550.62 4474.69 4407.54 4348.14 4295.77 4249.95 4210.38 4176.92 4149.49 4128.09 4112.71 4103.64 4101.48 4107.09 4120.85 4142.87 3521.95 2900.48 2269.42 0.00 0.00 
0.00 0.00 0.00 1883.54 4061.59 4855.13 5555.04 5278.91 5935.40 5704.88 5497.04 5312.66 5150.36 5008.05 4883.45 4774.27 4678.38 4593.87 4519.09 4452.75 4393.86 4341.73 4295.92 4256.19 4222.42 4194.56 4172.53 4156.24 4145.89 4141.97 4145.45 3506.62 3526.40 2899.47 2269.29 970.23 0.00 0.00 
0.00 0.00 0.00 0.00 2809.18 3734.07 4518.87 5250.08 5031.45 4839.26 4668.28 4516.45 4382.35 4264.47 4161.08 4070.38 3990.61 3920.18 3857.73 3802.14 3752.63 3708.64 3669.83 3636.05 3607.22 3583.31 3564.23 3549.82 3540.20 3535.79 3537.37 3545.15 2908.06 2272.13 1620.48 0.00 0.00 0.00 
0.00 0.00 0.00 0.00 0.00 1557.33 3482.53 3359.54 4111.63 3969.52 3837.86 3718.43 3611.91 3517.87 3435.25 3362.69 3298.79 3242.25 3191.95 3146.99 3106.75 3070.82 3038.97 3011.12 2987.23 2967.33 2951.30 2938.89 2930.11 2925.29 2925.42 2279.29 2278.28 972.71 0.00 0.00 0.00 0.00 
0.00 0.00 0.00 0.00 0.00 0.00 0.00 0.00 1350.74 1322.42 1285.31 1248.32 1214.26 1183.81 1156.92 1133.22 1112.29 1093.70 1077.08 1062.15 1048.70 1036.62 1025.85 1016.39 1008.24 1001.40 995.86 991.47 988.15 985.66 982.94 0.00 0.00 0.00 0.00 0.00 0.00 0.00 
0.00 0.00 0.00 0.00 0.00 0.00 0.00 0.00 0.00 0.00 0.00 0.00 0.00 0.00 0.00 0.00 0.00 0.00 0.00 0.00 0.00 0.00 0.00 0.00 0.00 0.00 0.00 0.00 0.00 0.00 0.00 0.00 0.00 0.00 0.00 0.00 0.00 0.00 
