0.00 0.00 0.00 0.00 0.00 0.00 0.00 0.00 0.00 0.00 0.00 0.00 0.00 0.00 0.00 0.00 0.00 0.00 0.00 0.00 0.00 0.00 0.00 0.00 0.00 0.00 0.00 0.00 0.00 0.00 0.00 0.00 0.00 0.00 0.00 0.00 0.00 0.00 
0.00 0.00 0.00 0.00 0.00 0.00 0.00 0.00 0.00 0.00 0.00 0.00 0.00 0.00 0.00 0.00 0.00 0.00 0.00 0.00 0.00 0.00 0.00 0.00 0.00 0.00 0.00 0.00 0.00 0.00 0.00 0.00 0.00 0.00 0.00 0.00 0.00 0.00 
0.00 0.00 0.00 0.00 0.00 0.00 0.00 0.00 876.14 877.34 879.28 883.46 890.22 899.62 911.68 926.51 944.25 965.10 989.31 1017.15 1048.90 1084.80 1125.07 1169.84 1219.10 1272.56 1329.30 1386.97 1440.56 1479.91 1492.40 0.00 0.00 0.00 0.00 0.00 0.00 0.00 
0.00 0.00 0.00 0.00 0.00 882.19 2051.08 2042.59 2611.68 2606.95 2610.72 2622.71 2642.81 2670.92 2707.10 2751.59 2804.75 2867.12 2939.33 3022.02 3115.86 3221.38 3338.95 3468.62 3609.90 3761.31 3919.56 4077.84 4223.93 4338.00 4402.45 3436.54 3424.27 1453.79 0.00 0.00 0.00 0.00 
0.00 0.00 0.00 0.00 1491.49 2070.19 2628.18 3185.01 3167.35 3160.03 3163.32 3176.98 3200.76 3234.51 3278.25 3332.20 3396.76 3472.45 3559.92 3659.81 3772.73 3899.11 4039.13 4192.47 4358.10 4533.75 4715.05 4894.20 5058.63 5190.26 5273.37 5314.80 4353.01 3386.54 2405.55 0.00 0.00 0.00 
0.00 0.00 0.00 915.30 2102.86 2654.39 3197.98 3163.96 3720.91 3710.82 3713.47 3728.58 3755.85 3795.06 3846.21 3909.48 3985.25 4074.07 4176.55 4293.33 4424.93 4571.68 4733.50 4909.76 5098.89 5297.93 5501.71 5701.61 5884.69 6033.55 6133.81 5213.02 5253.48 4307.46 3361.10 1431.56 0.00 0.00 
0.00 0.00 0.00 2158.43 2705.22 3236.74 3767.21 3727.19 3699.25 3685.95 3686.49 3700.12 3726.26 3764.59 3814.99 3877.58 3952.64 4040.60 4141.94 4257.12 4386.47 4530.09 4687.63 4858.18 5039.91 5229.72 5422.65 5611.12 5784.41 5928.58 6032.49 6102.86 6153.09 5219.63 4288.45 3344.68 0.00 0.00 
0.00 0.00 0.00 2170.91 3299.52 3230.84 3757.56 3712.57 3681.90 3666.05 3664.90 3677.32 3702.54 3740.13 3789.91 3851.93 3926.40 4013.64 4114.02 4227.87 4355.37 4496.41 4650.47 4816.40 4992.18 5174.60 5358.90 5538.22 5703.55 5844.24 5952.94 6030.37 6091.76 5169.36 5217.79 3337.69 0.00 0.00 
0.00 0.00 987.50 2789.00 3302.44 3813.88 3751.26 3703.19 4253.68 4237.20 4236.37 4250.74 4279.78 4323.07 4380.42 4451.89 4537.74 4638.37 4754.25 4885.78 5033.22 5196.52 5375.17 5567.94 5772.69 5985.88 6202.12 6413.30 6607.93 6770.96 6891.24 5983.56 6048.81 6105.80 5192.00 4275.96 1424.29 0.00 
0.00 0.00 990.96 2789.83 3303.07 3812.72 3749.05 3699.74 4250.03 4232.73 4231.46 4245.54 4274.34 4317.43 4374.62 4445.94 4531.64 4632.10 4747.75 4878.98 5026.01 5188.74 5366.62 5558.38 5761.80 5973.34 6187.59 6396.55 6589.05 6750.81 6872.08 5965.79 6033.96 6094.15 5182.49 4268.29 1424.88 0.00 
0.00 0.00 987.54 2789.32 3302.87 3814.20 3751.50 3703.36 4253.80 4237.29 4236.43 4250.79 4279.81 4323.10 4380.45 4451.92 4537.78 4638.42 4754.31 4885.86 5033.33 5196.67 5375.36 5568.20 5772.99 5986.23 6202.48 6413.54 6607.75 6769.51 6886.23 5981.14 6046.42 6103.72 5189.83 4273.40 1423.63 0.00 
0.00 0.00 0.00 2171.52 3300.49 3231.38 3758.05 3712.91 3682.12 3666.20 3665.01 3677.39 3702.60 3740.18 3789.97 3851.99 3926.47 4013.73 4114.14 4228.03 4355.58 4496.70 4650.85 4816.88 4992.78 5175.32 5359.69 5538.94 5703.89 5843.57 5950.43 6026.47 6086.16 5165.49 5213.27 3335.83 0.00 0.00 
0.00 0.00 0.00 2159.42 2705.91 3237.33 3767.97 3727.68 3699.56 3686.16 3686.63 3700.22 3726.34 3764.67 3815.07 3877.67 3952.75 4040.73 4142.12 4257.35 4386.79 4530.50 4688.19 4858.91 5040.83 5230.86 5423.97 5612.49 5785.45 5928.54 6030.17 6096.73 6148.32 5216.01 4284.52 3342.81 0.00 0.00 
0.00 0.00 0.00 915.44 2103.37 2654.86 3198.49 3164.42 3721.27 3711.06 3713.63 3728.70 3755.94 3795.15 3846.30 3909.58 3985.38 4074.23 4176.77 4293.62 4425.33 4572.20 4734.21 4910.70 5100.12 5299.51 5503.63 5703.74 5886.60 6034.33 6132.26 5208.60 5249.58 4304.72 3359.47 1431.10 0.00 0.00 
0.00 0.00 0.00 0.00 1492.13 2070.62 2628.65 3185.68 3167.72 3160.25 3163.47 3177.08 3200.84 3234.59 3278.34 3332.31 3396.88 3472.62 3560.14 3660.10 3773.12 3899.64 4039.84 4193.44 4359.40 4535.44 4717.18 4896.68 5060.99 5191.35 5271.45 5309.29 4348.30 3384.77 2404.58 0.00 0.00 0.00 
0.00 0.00 0.00 0.00 0.00 882.30 2051.59 2042.87 2611.89 2607.09 2610.82 2622.80 2642.88 2670.99 2707.18 2751.67 2804.86 2867.27 2939.52 3022.28 3116.21 3221.85 3339.60 3469.52 3611.12 3762.97 3921.75 4080.52 4226.67 4339.32 4399.29 3434.35 3422.20 1453.30 0.00 0.00 0.00 0.00 
0.00 0.00 0.00 0.00 0.00 0.00 0.00 0.00 876.18 877.37 879.31 883.49 890.24 899.64 911.71 926.54 944.29 965.15 989.38 1017.25 1049.02 1084.97 1125.30 1170.16 1219.56 1273.20 1330.16 1388.07 1441.72 1480.49 1491.65 0.00 0.00 0.00 0.00 0.00 0.00 0.00 
0.00 0.00 0.00 0.00 0.00 0.00 0.00 0.00 0.00 0.00 0.00 0.00 0.00 0.00 0.00 0.00 0.00 0.00 0.00 0.00 0.00 0.00 0.00 0.00 0.00 0.00 0.00 0.00 0.00 0.00 0.00 0.00 0.00 0.00 0.00 0.00 0.00 0.00 
