0.00 0.00 0.00 0.00 0.00 0.00 0.00 0.00 0.00 0.00 0.00 0.00 0.00 0.00 0.00 0.00 0.00 0.00 0.00 0.00 0.00 0.00 0.00 0.00 0.00 0.00 0.00 0.00 0.00 0.00 0.00 0.00 0.00 0.00 0.00 0.00 0.00 0.00 
0.00 0.00 0.00 0.00 0.00 0.00 0.00 0.00 0.00 0.00 0.00 0.00 0.00 0.00 0.00 0.00 0.00 0.00 0.00 0.00 0.00 0.00 0.00 0.00 0.00 0.00 0.00 0.00 0.00 0.00 0.00 0.00 0.00 0.00 0.00 0.00 0.00 0.00 
0.00 0.00 0.00 0.00 0.00 0.00 0.00 0.00 2.61 2.61 2.59 2.58 2.57 2.56 2.55 2.54 2.54 2.54 2.53 2.53 2.54 2.54 2.54 2.55 2.56 2.57 2.58 2.60 2.61 2.62 2.63 0.00 0.00 0.00 0.00 0.00 0.00 0.00 
0.00 0.00 0.00 0.00 0.00 2.62 6.13 6.10 7.77 7.71 7.66 7.62 7.58 7.55 7.52 7.50 7.49 7.48 7.47 7.47 7.48 7.49 7.50 7.52 7.55 7.58 7.62 7.66 7.71 7.77 7.83 6.15 6.17 2.65 0.00 0.00 0.00 0.00 
0.00 0.00 0.00 0.00 4.39 6.14 7.82 9.47 9.39 9.31 9.25 9.19 9.15 9.10 9.07 9.05 9.03 9.01 9.01 9.01 9.02 9.03 9.05 9.07 9.11 9.14 9.19 9.24 9.31 9.38 9.45 9.54 7.88 6.19 4.43 0.00 0.00 0.00 
0.00 0.00 0.00 2.64 6.16 7.84 9.48 9.37 10.99 10.90 10.82 10.76 10.70 10.65 10.61 10.58 10.56 10.54 10.53 10.53 10.54 10.56 10.58 10.61 10.65 10.70 10.75 10.81 10.89 10.97 11.07 9.43 9.55 7.90 6.21 2.66 0.00 0.00 
0.00 0.00 0.00 6.19 7.88 9.52 11.13 11.01 10.89 10.79 10.71 10.64 10.58 10.53 10.49 10.46 10.43 10.42 10.41 10.41 10.42 10.43 10.46 10.49 10.53 10.57 10.63 10.69 10.77 10.86 10.96 11.08 11.21 9.59 7.94 6.23 0.00 0.00 
0.00 0.00 0.00 6.19 9.59 9.45 11.06 10.93 10.81 10.70 10.62 10.54 10.48 10.43 10.39 10.36 10.34 10.32 10.31 10.31 10.32 10.34 10.36 10.39 10.43 10.48 10.53 10.60 10.68 10.77 10.88 11.00 11.14 9.52 9.66 6.23 0.00 0.00 
0.00 0.00 2.67 7.93 9.56 11.16 11.02 10.88 12.49 12.38 12.28 12.20 12.13 12.07 12.03 11.99 11.96 11.95 11.94 11.94 11.95 11.96 11.99 12.03 12.07 12.12 12.19 12.26 12.35 12.45 12.56 10.95 11.09 11.23 9.62 7.98 2.69 0.00 
0.00 0.00 2.68 7.92 9.55 11.15 11.00 10.86 12.47 12.36 12.26 12.18 12.11 12.05 12.01 11.97 11.94 11.92 11.92 11.92 11.92 11.94 11.97 12.00 12.05 12.10 12.16 12.24 12.33 12.42 12.54 10.92 11.06 11.21 9.60 7.97 2.69 0.00 
0.00 0.00 2.67 7.93 9.56 11.16 11.02 10.88 12.49 12.38 12.28 12.20 12.13 12.08 12.03 11.99 11.96 11.95 11.94 11.94 11.95 11.96 11.99 12.02 12.07 12.12 12.18 12.26 12.34 12.44 12.55 10.94 11.07 11.22 9.61 7.97 2.69 0.00 
0.00 0.00 0.00 6.19 9.59 9.46 11.06 10.93 10.81 10.71 10.62 10.54 10.48 10.43 10.39 10.36 10.34 10.32 10.31 10.31 10.32 10.34 10.36 10.39 10.43 10.47 10.53 10.59 10.67 10.76 10.86 10.98 11.11 9.50 9.64 6.22 0.00 0.00 
0.00 0.00 0.00 6.19 7.88 9.52 11.13 11.01 10.89 10.79 10.71 10.64 10.58 10.53 10.49 10.46 10.43 10.42 10.41 10.41 10.42 10.43 10.46 10.48 10.52 10.57 10.62 10.69 10.76 10.84 10.94 11.06 11.18 9.56 7.92 6.22 0.00 0.00 
0.00 0.00 0.00 2.64 6.16 7.84 9.48 9.37 11.00 10.91 10.83 10.76 10.70 10.65 10.61 10.58 10.56 10.54 10.53 10.53 10.54 10.55 10.58 10.61 10.64 10.69 10.74 10.80 10.87 10.95 11.04 9.41 9.52 7.87 6.19 2.66 0.00 0.00 
0.00 0.00 0.00 0.00 4.40 6.14 7.82 9.48 9.39 9.32 9.25 9.19 9.15 9.11 9.07 9.05 9.03 9.01 9.01 9.01 9.01 9.03 9.04 9.07 9.10 9.14 9.18 9.23 9.29 9.36 9.43 9.51 7.85 6.17 4.42 0.00 0.00 0.00 
0.00 0.00 0.00 0.00 0.00 2.63 6.13 6.10 7.77 7.72 7.67 7.62 7.58 7.55 7.52 7.50 7.49 7.48 7.47 7.47 7.48 7.49 7.50 7.52 7.55 7.58 7.61 7.65 7.70 7.75 7.80 6.13 6.15 2.64 0.00 0.00 0.00 0.00 
0.00 0.00 0.00 0.00 0.00 0.00 0.00 0.00 2.61 2.61 2.59 2.58 2.57 2.56 2.55 2.54 2.54 2.53 2.53 2.53 2.54 2.54 2.54 2.55 2.56 2.57 2.58 2.59 2.61 2.62 2.62 0.00 0.00 0.00 0.00 0.00 0.00 0.00 
0.00 0.00 0.00 0.00 0.00 0.00 0.00 0.00 0.00 0.00 0.00 0.00 0.00 0.00 0.00 0.00 0.00 0.00 0.00 0.00 0.00 0.00 0.00 0.00 0.00 0.00 0.00 0.00 0.00 0.00 0.00 0.00 0.00 0.00 0.00 0.00 0.00 0.00 
