0.00 0.00 0.00 0.00 0.00 0.00 0.00 0.00 0.00 0.00 0.00 0.00 0.00 0.00 0.00 0.00 0.00 0.00 0.00 0.00 0.00 0.00 0.00 0.00 0.00 0.00 0.00 0.00 0.00 0.00 0.00 0.00 0.00 0.00 0.00 0.00 0.00 0.00 
0.00 0.00 0.00 0.00 0.00 0.00 0.00 0.00 0.00 0.00 0.00 0.00 0.00 0.00 0.00 0.00 0.00 0.00 0.00 0.00 0.00 0.00 0.00 0.00 0.00 0.00 0.00 0.00 0.00 0.00 0.00 0.00 0.00 0.00 0.00 0.00 0.00 0.00 
0.00 0.00 0.00 0.00 0.00 0.00 0.00 0.00 1364.17 1365.83 1338.65 1291.58 1238.92 1187.18 1138.91 1095.00 1055.67 1020.85 990.38 964.03 941.55 922.73 907.31 895.07 885.77 879.14 874.86 872.41 871.36 871.19 870.49 0.00 0.00 0.00 0.00 0.00 0.00 0.00 
0.00 0.00 0.00 0.00 0.00 1289.40 3052.61 3084.81 3998.34 3972.95 3888.25 3765.13 3627.88 3490.07 3358.50 3236.48 3125.48 3026.02 2938.11 2861.49 2795.73 2740.31 2694.68 2658.23 2630.33 2610.24 2597.07 2589.58 2586.93 2588.69 2595.34 2027.38 2030.00 868.09 0.00 0.00 0.00 0.00 
0.00 0.00 0.00 0.00 2120.91 2997.79 3879.28 4773.85 4778.11 4739.54 4643.39 4508.59 4356.74 4201.57 4051.02 3909.51 3779.39 3661.80 3557.13 3465.36 3386.17 3319.10 3263.57 3218.92 3184.44 3159.30 3142.51 3132.87 3129.52 3132.05 3140.53 3154.80 2593.41 2029.57 1449.38 0.00 0.00 0.00 
0.00 0.00 0.00 1257.26 2960.58 3814.04 4682.02 4678.37 5554.63 5501.38 5393.09 5245.50 5078.59 4906.25 4737.26 4576.90 4428.27 4293.04 4172.01 4065.37 3972.95 3894.35 3828.98 3776.16 3735.11 3704.91 3684.53 3672.73 3668.63 3671.73 3681.94 3122.57 3145.35 2591.05 2030.98 869.28 0.00 0.00 
0.00 0.00 0.00 2935.19 3777.87 4622.59 5484.25 5475.14 5454.50 5398.67 5295.19 5157.62 5002.37 4840.99 4681.25 4528.25 4385.24 4254.17 4136.12 4031.54 3940.45 3862.60 3797.54 3744.68 3703.31 3672.63 3651.73 3639.61 3635.58 3639.35 3651.07 3671.03 3696.15 3148.15 2597.53 2034.31 0.00 0.00 
0.00 0.00 0.00 2928.42 4598.33 4577.69 5428.32 5408.67 5378.71 5316.03 5215.82 5086.79 4941.11 4788.52 4636.13 4488.99 4350.48 4222.76 4107.13 4004.22 3914.22 3837.01 3772.22 3719.34 3677.73 3646.69 3625.41 3613.05 3609.06 3613.34 3626.38 3647.29 3674.88 3128.65 3162.72 2033.33 0.00 0.00 
0.00 0.00 1245.38 3752.80 4575.78 5409.47 5389.08 5366.72 6237.16 6171.34 6057.23 5903.35 5728.80 5547.03 5366.80 5193.80 5031.68 4882.70 4748.15 4628.62 4524.24 4434.79 4359.79 4298.64 4250.57 4214.73 4190.16 4175.81 4170.92 4175.15 4188.56 3631.61 3659.99 3693.43 3152.00 2605.72 874.19 0.00 
0.00 0.00 1245.85 3746.93 4568.16 5399.95 5376.49 5351.60 6220.63 6153.22 6040.02 5888.17 5715.72 5535.78 5357.05 5185.23 5024.02 4875.72 4741.65 4622.46 4518.29 4428.94 4353.98 4292.79 4244.63 4208.66 4183.94 4169.43 4164.43 4168.58 4182.09 3625.42 3654.48 3688.49 3147.72 2601.89 874.91 0.00 
0.00 0.00 1245.39 3752.92 4576.00 5409.66 5389.25 5366.84 6237.25 6171.43 6057.31 5903.45 5728.91 5547.16 5366.94 5193.94 5031.83 4882.85 4748.30 4628.78 4524.39 4434.93 4359.92 4298.75 4250.66 4214.77 4190.12 4175.63 4170.52 4174.27 4186.57 3630.22 3658.45 3691.91 3150.35 2603.82 873.70 0.00 
0.00 0.00 0.00 2928.64 4598.91 4578.01 5428.69 5408.94 5378.89 5316.18 5215.98 5086.97 4941.33 4788.76 4636.40 4489.27 4350.76 4223.05 4107.42 4004.51 3914.51 3837.28 3772.47 3719.56 3677.91 3646.78 3625.38 3612.81 3608.49 3612.28 3624.58 3644.80 3671.49 3125.92 3159.41 2031.61 0.00 0.00 
0.00 0.00 0.00 2935.67 3778.24 4622.98 5484.99 5475.56 5454.78 5398.88 5295.41 5157.89 5002.69 4841.36 4681.65 4528.67 4385.67 4254.61 4136.57 4031.98 3940.88 3863.02 3797.94 3745.03 3703.59 3672.81 3651.74 3639.36 3634.92 3638.08 3648.90 3667.42 3692.77 3145.26 2594.43 2032.50 0.00 0.00 
0.00 0.00 0.00 1257.37 2960.92 3814.39 4682.44 4678.80 5554.96 5501.63 5393.37 5245.86 5079.02 4906.74 4737.78 4577.45 4428.84 4293.63 4172.59 4065.95 3973.52 3894.90 3829.51 3776.65 3735.52 3705.20 3684.63 3672.54 3667.98 3670.40 3679.70 3119.56 3142.38 2588.69 2029.26 868.70 0.00 0.00 
0.00 0.00 0.00 0.00 2121.43 2998.15 3879.70 4774.82 4778.52 4739.80 4643.68 4508.97 4357.21 4202.10 4051.58 3910.10 3780.00 3662.42 3557.75 3465.98 3386.78 3319.70 3264.14 3219.46 3184.91 3159.67 3142.71 3132.79 3128.99 3130.82 3138.26 3151.24 2590.26 2027.85 1448.30 0.00 0.00 0.00 
0.00 0.00 0.00 0.00 0.00 1289.52 3053.22 3085.08 3998.51 3973.10 3888.50 3765.50 3628.35 3490.60 3359.07 3237.07 3126.08 3026.63 2938.72 2862.10 2796.33 2740.90 2695.25 2658.77 2630.82 2610.66 2597.35 2589.63 2586.57 2587.63 2592.96 2025.54 2028.17 867.51 0.00 0.00 0.00 0.00 
0.00 0.00 0.00 0.00 0.00 0.00 0.00 0.00 1364.20 1365.87 1338.76 1291.75 1239.12 1187.41 1139.16 1095.25 1055.92 1021.10 990.63 964.27 941.80 922.97 907.54 895.29 885.97 879.32 874.99 872.45 871.26 870.83 869.78 0.00 0.00 0.00 0.00 0.00 0.00 0.00 
0.00 0.00 0.00 0.00 0.00 0.00 0.00 0.00 0.00 0.00 0.00 0.00 0.00 0.00 0.00 0.00 0.00 0.00 0.00 0.00 0.00 0.00 0.00 0.00 0.00 0.00 0.00 0.00 0.00 0.00 0.00 0.00 0.00 0.00 0.00 0.00 0.00 0.00 
