0.00 0.00 0.00 0.00 0.00 0.00 0.00 0.00 0.00 0.00 0.00 0.00 0.00 0.00 0.00 0.00 0.00 0.00 0.00 0.00 0.00 0.00 0.00 0.00 0.00 0.00 0.00 0.00 0.00 0.00 0.00 0.00 0.00 0.00 0.00 0.00 0.00 0.00 
0.00 0.00 0.00 0.00 0.00 0.00 0.00 0.00 0.00 0.00 0.00 0.00 0.00 0.00 0.00 0.00 0.00 0.00 0.00 0.00 0.00 0.00 0.00 0.00 0.00 0.00 0.00 0.00 0.00 0.00 0.00 0.00 0.00 0.00 0.00 0.00 0.00 0.00 
0.00 0.00 0.00 0.00 0.00 0.00 0.00 0.00 1472.96 1425.14 1358.34 1290.51 1227.04 1169.39 1117.73 1071.86 1031.42 996.03 965.31 938.89 916.43 897.61 882.12 869.68 860.04 852.93 848.02 844.89 843.17 842.39 841.29 0.00 0.00 0.00 0.00 0.00 0.00 0.00 
0.00 0.00 0.00 0.00 0.00 1624.18 3793.03 3685.60 4457.13 4237.95 4024.48 3823.54 3638.54 3470.55 3319.48 3184.70 3065.37 2960.52 2869.17 2790.37 2723.18 2666.69 2620.06 2582.49 2553.21 2531.45 2516.33 2506.77 2502.05 2501.86 2506.76 1956.88 1958.52 837.07 0.00 0.00 0.00 0.00 
0.00 0.00 0.00 0.00 2680.94 3778.27 4789.88 5641.23 5377.72 5115.49 4862.86 4625.25 4405.59 4205.09 4023.88 3861.51 3717.19 3589.97 3478.79 3382.60 3300.33 3230.96 3173.48 3126.96 3090.48 3063.12 3043.90 3031.74 3025.88 3026.01 3032.25 3044.41 2501.44 1956.78 1396.87 0.00 0.00 0.00 
0.00 0.00 0.00 1589.01 3739.11 4773.69 5743.61 5533.62 6258.76 5975.11 5691.02 5419.71 5166.85 4934.73 4724.01 4534.49 4365.51 4216.11 4085.23 3971.71 3874.39 3792.11 3723.75 3668.22 3624.48 3591.48 3568.16 3553.36 3546.31 3546.60 3554.24 3012.30 3033.09 2497.58 1957.19 837.40 0.00 0.00 
0.00 0.00 0.00 3709.47 4753.60 5760.00 6697.86 6477.40 6191.72 5907.15 5630.56 5367.63 5121.88 4895.22 4688.47 4501.72 4334.58 4186.32 4056.05 3942.74 3845.33 3762.73 3693.88 3637.74 3593.31 3559.60 3535.66 3520.50 3513.50 3514.42 3523.45 3540.80 3563.62 3034.03 2502.71 1959.74 0.00 0.00 
0.00 0.00 0.00 3697.83 5774.30 5679.98 6618.99 6396.39 6123.32 5846.83 5579.29 5324.35 5084.89 4862.92 4659.54 4475.13 4309.54 4162.26 4032.51 3919.40 3821.93 3739.09 3669.86 3613.24 3568.27 3534.03 3509.61 3494.16 3487.19 3488.61 3498.90 3517.18 3542.39 3014.58 3046.96 1958.63 0.00 0.00 
0.00 0.00 1572.73 4733.81 5735.09 6712.46 6563.41 6339.04 7047.50 6752.01 6449.87 6156.33 5878.99 5621.60 5385.84 5172.22 4980.55 4810.19 4660.20 4529.51 4416.94 4321.31 4241.42 4176.11 4124.26 4084.77 4056.60 4038.71 4030.40 4031.37 4041.75 3501.57 3527.49 3558.71 3036.22 2509.73 841.84 0.00 
0.00 0.00 1573.34 4723.53 5721.65 6696.15 6543.65 6317.58 7030.96 6737.21 6437.86 6146.54 5870.77 5614.44 5379.41 5166.29 4974.93 4804.75 4654.86 4524.18 4411.58 4315.88 4235.87 4170.43 4118.41 4078.76 4050.41 4032.36 4023.93 4024.84 4035.31 3495.38 3521.94 3553.74 3031.92 2505.89 842.53 0.00 
0.00 0.00 1572.74 4733.91 5735.34 6712.68 6563.74 6339.38 7047.81 6752.25 6450.07 6156.50 5879.13 5621.72 5385.95 5172.32 4980.65 4810.28 4660.29 4529.59 4417.02 4321.38 4241.48 4176.15 4124.26 4084.73 4056.47 4038.44 4029.90 4030.40 4039.67 3500.09 3525.85 3557.09 3034.49 2507.77 841.34 0.00 
0.00 0.00 0.00 3698.04 5775.11 5680.37 6620.04 6397.24 6123.95 5847.31 5579.67 5324.66 5085.15 4863.15 4659.75 4475.33 4309.73 4162.44 4032.68 3919.56 3822.08 3739.23 3669.98 3613.32 3568.29 3533.96 3509.40 3493.74 3486.44 3487.35 3496.90 3514.50 3538.82 3011.68 3043.50 1956.78 0.00 0.00 
0.00 0.00 0.00 3710.07 4753.92 5760.41 6700.46 6478.99 6192.74 5907.87 5631.11 5368.07 5122.25 4895.55 4688.78 4502.01 4334.86 4186.59 4056.31 3942.99 3845.56 3762.94 3694.06 3637.87 3593.36 3559.54 3535.41 3519.98 3512.56 3512.86 3520.98 3536.90 3559.93 3030.86 2499.40 1957.74 0.00 0.00 
0.00 0.00 0.00 1589.09 3739.39 4773.97 5744.52 5535.03 6260.03 5976.02 5691.70 5420.25 5167.31 4935.15 4724.40 4534.87 4365.87 4216.46 4085.57 3972.04 3874.70 3792.40 3724.00 3668.42 3624.59 3591.46 3567.93 3552.82 3545.29 3544.88 3551.61 3008.94 3029.75 2494.91 1955.22 836.73 0.00 0.00 
0.00 0.00 0.00 0.00 2681.69 3778.54 4790.84 5643.86 5379.11 5116.34 4863.48 4625.76 4406.04 4205.51 4024.28 3861.89 3717.57 3590.34 3479.16 3382.95 3300.67 3231.28 3173.77 3127.20 3090.64 3063.16 3043.75 3031.28 3024.96 3024.37 3029.56 3040.43 2497.92 1954.75 1395.57 0.00 0.00 0.00 
0.00 0.00 0.00 0.00 0.00 1624.20 3795.03 3686.31 4457.73 4238.43 4024.90 3823.94 3638.93 3470.93 3319.85 3185.07 3065.73 2960.87 2869.53 2790.72 2723.51 2667.01 2620.36 2582.75 2553.41 2531.55 2516.27 2506.45 2501.31 2500.41 2503.97 1954.71 1956.34 836.34 0.00 0.00 0.00 0.00 
0.00 0.00 0.00 0.00 0.00 0.00 0.00 0.00 1472.94 1425.17 1358.42 1290.62 1227.17 1169.52 1117.88 1072.01 1031.57 996.18 965.45 939.03 916.57 897.74 882.24 869.79 860.13 852.98 848.02 844.79 842.91 841.88 840.42 0.00 0.00 0.00 0.00 0.00 0.00 0.00 
0.00 0.00 0.00 0.00 0.00 0.00 0.00 0.00 0.00 0.00 0.00 0.00 0.00 0.00 0.00 0.00 0.00 0.00 0.00 0.00 0.00 0.00 0.00 0.00 0.00 0.00 0.00 0.00 0.00 0.00 0.00 0.00 0.00 0.00 0.00 0.00 0.00 0.00 
