0.00 0.00 0.00 0.00 0.00 0.00 0.00 0.00 0.00 0.00 0.00 0.00 0.00 0.00 0.00 0.00 0.00 0.00 0.00 0.00 0.00 0.00 0.00 0.00 0.00 0.00 0.00 0.00 0.00 0.00 0.00 0.00 0.00 0.00 0.00 0.00 0.00 0.00 
0.00 0.00 0.00 0.00 0.00 0.00 0.00 0.00 0.00 0.00 0.00 0.00 0.00 0.00 0.00 0.00 0.00 0.00 0.00 0.00 0.00 0.00 0.00 0.00 0.00 0.00 0.00 0.00 0.00 0.00 0.00 0.00 0.00 0.00 0.00 0.00 0.00 0.00 
0.00 0.00 0.00 0.00 0.00 0.00 0.00 0.00 1044.89 1044.53 1041.81 1034.34 1021.80 1004.53 983.10 958.17 930.52 901.03 870.70 840.59 811.68 784.80 760.49 739.03 720.41 704.48 690.99 679.78 670.62 663.66 660.77 0.00 0.00 0.00 0.00 0.00 0.00 0.00 
0.00 0.00 0.00 0.00 0.00 1009.59 2391.38 2418.00 3146.06 3158.78 3154.77 3134.42 3098.71 3049.08 2987.28 2915.31 2835.40 2750.06 2662.05 2574.25 2489.40 2409.82 2337.11 2272.16 2215.14 2165.73 2123.30 2087.27 2056.49 2029.35 2003.16 1535.44 1526.58 655.43 0.00 0.00 0.00 0.00 
0.00 0.00 0.00 0.00 1614.42 2321.55 3071.65 3823.94 3865.81 3885.75 3884.18 3862.22 3821.49 3763.94 3691.78 3607.46 3513.68 3413.39 3309.76 3206.05 3105.34 3010.23 2922.60 2843.53 2773.35 2711.77 2658.14 2611.63 2570.80 2533.70 2497.72 2460.85 1987.34 1523.84 1087.28 0.00 0.00 0.00 
0.00 0.00 0.00 898.71 2212.74 2974.56 3756.06 3833.69 4587.57 4614.52 4615.85 4592.89 4547.71 4482.73 4400.67 4304.43 4197.18 4082.30 3963.40 3844.10 3727.82 3617.44 3515.11 3422.08 3338.80 3265.04 3200.08 3142.94 3092.03 3045.31 3000.51 2510.79 2465.56 1986.18 1520.10 652.39 0.00 0.00 
0.00 0.00 0.00 2031.09 2812.13 3625.10 4439.96 4535.06 4601.40 4636.17 4642.68 4623.80 4582.28 4520.92 4442.57 4350.21 4246.96 4136.14 4021.17 3905.48 3792.25 3684.21 3583.36 3490.94 3407.44 3332.68 3266.00 3206.38 3152.17 3101.15 3050.57 2997.47 2945.50 2454.73 1973.97 1514.68 0.00 0.00 
0.00 0.00 0.00 1976.89 3433.28 3606.30 4432.36 4539.45 4612.83 4653.41 4664.07 4648.54 4610.06 4551.65 4476.31 4387.07 4287.03 4179.45 4067.61 3954.79 3844.00 3737.79 3638.11 3546.15 3462.45 3386.88 3318.81 3257.23 3200.45 3146.14 3091.19 3034.90 2977.66 2483.11 2429.65 1516.43 0.00 0.00 
0.00 0.00 611.43 2518.39 3397.44 4268.51 4425.23 4541.56 5318.16 5361.70 5372.98 5354.68 5309.96 5242.16 5154.71 5051.10 4934.97 4810.12 4680.41 4549.70 4421.51 4298.85 4183.93 4078.14 3982.01 3895.37 3817.49 3747.19 3682.72 3621.81 3561.89 3059.64 2999.95 2940.29 2444.78 1961.16 646.15 0.00 
0.00 0.00 598.01 2505.01 3386.23 4263.37 4423.00 4542.42 5320.26 5365.48 5377.76 5360.25 5316.25 5249.18 5162.45 5059.60 4944.25 4820.19 4691.25 4561.25 4433.69 4311.51 4196.91 4091.27 3995.14 3908.37 3830.23 3759.58 3694.67 3633.27 3572.67 3069.34 3008.19 2947.42 2450.77 1966.42 645.26 0.00 
0.00 0.00 611.28 2517.51 3396.47 4267.85 4424.78 4541.27 5317.97 5361.57 5372.90 5354.63 5309.92 5242.14 5154.69 5051.08 4934.95 4810.09 4680.39 4549.67 4421.48 4298.81 4183.90 4078.11 3982.00 3895.40 3817.60 3747.47 3683.32 3623.10 3564.91 3061.58 3002.04 2942.29 2446.92 1963.63 646.80 0.00 
0.00 0.00 0.00 1975.26 3431.26 3605.17 4431.48 4538.89 4612.48 4653.19 4663.93 4648.45 4609.99 4551.60 4476.27 4387.03 4286.99 4179.40 4067.56 3954.74 3843.93 3737.72 3638.03 3546.09 3462.42 3386.91 3318.98 3257.62 3201.25 3147.62 3093.70 3038.33 2982.32 2486.72 2433.96 1518.54 0.00 0.00 
0.00 0.00 0.00 2028.68 2810.54 3623.88 4438.74 4534.30 4600.93 4635.87 4642.49 4623.67 4582.20 4520.86 4442.52 4350.16 4246.91 4136.08 4021.10 3905.39 3792.15 3684.09 3583.23 3490.82 3407.35 3332.67 3266.16 3206.83 3153.12 3102.89 3053.56 3002.51 2950.02 2458.45 1977.93 1516.88 0.00 0.00 
0.00 0.00 0.00 898.37 2211.64 2973.62 3755.18 3832.98 4587.05 4614.19 4615.63 4592.75 4547.61 4482.66 4400.60 4304.37 4197.11 4082.23 3963.31 3843.99 3727.68 3617.29 3514.93 3421.90 3338.64 3264.95 3200.15 3143.32 3092.96 3047.11 3003.54 2514.91 2469.46 1989.15 1522.15 653.05 0.00 0.00 
0.00 0.00 0.00 0.00 1613.28 2320.76 3070.89 3823.05 3865.31 3885.45 3883.99 3862.10 3821.40 3763.87 3691.72 3607.40 3513.61 3413.31 3309.66 3205.93 3105.20 3010.06 2922.40 2843.32 2773.14 2711.61 2658.10 2611.87 2571.57 2535.38 2500.85 2465.77 1991.57 1525.95 1088.55 0.00 0.00 0.00 
0.00 0.00 0.00 0.00 0.00 1009.38 2390.69 2417.60 3145.76 3158.59 3154.64 3134.33 3098.64 3049.02 2987.23 2915.26 2835.34 2749.99 2661.96 2574.14 2489.27 2409.65 2336.91 2271.93 2214.89 2165.49 2123.15 2087.33 2057.01 2030.81 2006.58 1537.87 1528.92 656.11 0.00 0.00 0.00 0.00 
0.00 0.00 0.00 0.00 0.00 0.00 0.00 0.00 1044.84 1044.49 1041.77 1034.31 1021.78 1004.51 983.08 958.15 930.50 901.01 870.67 840.55 811.63 784.74 760.42 738.94 720.31 704.38 690.91 679.78 670.80 664.18 661.81 0.00 0.00 0.00 0.00 0.00 0.00 0.00 
0.00 0.00 0.00 0.00 0.00 0.00 0.00 0.00 0.00 0.00 0.00 0.00 0.00 0.00 0.00 0.00 0.00 0.00 0.00 0.00 0.00 0.00 0.00 0.00 0.00 0.00 0.00 0.00 0.00 0.00 0.00 0.00 0.00 0.00 0.00 0.00 0.00 0.00 
