0.00 0.00 0.00 0.00 0.00 0.00 0.00 0.00 0.00 0.00 0.00 0.00 0.00 0.00 0.00 0.00 0.00 0.00 0.00 0.00 0.00 0.00 0.00 0.00 0.00 0.00 0.00 0.00 0.00 0.00 0.00 0.00 0.00 0.00 0.00 0.00 0.00 0.00 
0.00 0.00 0.00 0.00 0.00 0.00 0.00 0.00 0.00 0.00 0.00 0.00 0.00 0.00 0.00 0.00 0.00 0.00 0.00 0.00 0.00 0.00 0.00 0.00 0.00 0.00 0.00 0.00 0.00 0.00 0.00 0.00 0.00 0.00 0.00 0.00 0.00 0.00 
0.00 0.00 0.00 0.00 0.00 0.00 0.00 0.00 2.34 2.34 2.33 2.33 2.32 2.32 2.32 2.32 2.32 2.33 2.33 2.34 2.35 2.37 2.38 2.40 2.41 2.43 2.45 2.47 2.49 2.51 2.52 0.00 0.00 0.00 0.00 0.00 0.00 0.00 
0.00 0.00 0.00 0.00 0.00 2.34 5.47 5.46 6.96 6.92 6.89 6.86 6.84 6.83 6.83 6.83 6.84 6.86 6.88 6.91 6.94 6.98 7.02 7.06 7.11 7.17 7.23 7.29 7.36 7.43 7.50 5.91 5.94 2.55 0.00 0.00 0.00 0.00 
0.00 0.00 0.00 0.00 3.92 5.48 6.99 8.47 8.41 8.35 8.31 8.28 8.25 8.24 8.23 8.24 8.25 8.27 8.29 8.32 8.36 8.41 8.46 8.51 8.57 8.64 8.71 8.79 8.88 8.97 9.06 9.17 7.59 5.97 4.28 0.00 0.00 0.00 
0.00 0.00 0.00 2.35 5.49 6.99 8.46 8.37 9.84 9.77 9.72 9.68 9.65 9.64 9.63 9.63 9.64 9.66 9.69 9.73 9.77 9.83 9.88 9.95 10.02 10.10 10.19 10.28 10.38 10.49 10.60 9.06 9.19 7.62 6.00 2.57 0.00 0.00 
0.00 0.00 0.00 5.51 7.02 8.49 9.94 9.84 9.75 9.67 9.62 9.57 9.54 9.52 9.52 9.52 9.53 9.55 9.58 9.61 9.66 9.71 9.77 9.83 9.90 9.98 10.07 10.16 10.26 10.38 10.50 10.64 10.79 9.24 7.67 6.03 0.00 0.00 
0.00 0.00 0.00 5.51 8.55 8.43 9.87 9.77 9.67 9.59 9.53 9.49 9.45 9.43 9.43 9.43 9.44 9.46 9.48 9.52 9.56 9.61 9.67 9.74 9.81 9.88 9.97 10.07 10.17 10.28 10.42 10.56 10.71 9.18 9.33 6.03 0.00 0.00 
0.00 0.00 2.38 7.06 8.52 9.95 9.83 9.72 11.18 11.09 11.03 10.98 10.94 10.92 10.91 10.91 10.92 10.95 10.98 11.02 11.07 11.13 11.19 11.27 11.35 11.44 11.54 11.65 11.76 11.89 12.03 10.51 10.66 10.83 9.29 7.72 2.61 0.00 
0.00 0.00 2.38 7.05 8.51 9.94 9.82 9.70 11.16 11.07 11.01 10.96 10.92 10.90 10.89 10.89 10.90 10.93 10.96 11.00 11.05 11.11 11.17 11.25 11.33 11.42 11.52 11.62 11.74 11.87 12.00 10.48 10.64 10.81 9.27 7.71 2.61 0.00 
0.00 0.00 2.38 7.06 8.52 9.95 9.83 9.72 11.18 11.09 11.03 10.98 10.94 10.92 10.91 10.91 10.92 10.95 10.98 11.02 11.07 11.13 11.19 11.27 11.35 11.44 11.54 11.64 11.76 11.88 12.02 10.50 10.65 10.82 9.28 7.71 2.60 0.00 
0.00 0.00 0.00 5.51 8.55 8.43 9.88 9.77 9.67 9.59 9.53 9.49 9.45 9.43 9.43 9.43 9.44 9.46 9.48 9.52 9.56 9.61 9.67 9.73 9.80 9.88 9.97 10.06 10.16 10.27 10.40 10.54 10.69 9.16 9.31 6.02 0.00 0.00 
0.00 0.00 0.00 5.52 7.03 8.49 9.94 9.84 9.75 9.67 9.62 9.57 9.54 9.52 9.52 9.52 9.53 9.55 9.58 9.61 9.66 9.71 9.76 9.83 9.90 9.98 10.06 10.15 10.25 10.36 10.48 10.62 10.76 9.22 7.65 6.02 0.00 0.00 
0.00 0.00 0.00 2.35 5.50 7.00 8.47 8.38 9.84 9.78 9.72 9.68 9.65 9.64 9.63 9.63 9.64 9.66 9.69 9.73 9.77 9.82 9.88 9.95 10.02 10.09 10.18 10.27 10.37 10.47 10.58 9.03 9.16 7.59 5.98 2.57 0.00 0.00 
0.00 0.00 0.00 0.00 3.92 5.48 6.99 8.48 8.41 8.35 8.31 8.28 8.25 8.24 8.23 8.24 8.25 8.27 8.29 8.32 8.36 8.40 8.45 8.51 8.57 8.63 8.70 8.78 8.86 8.95 9.04 9.14 7.56 5.95 4.26 0.00 0.00 0.00 
0.00 0.00 0.00 0.00 0.00 2.34 5.48 5.46 6.96 6.92 6.89 6.86 6.85 6.83 6.83 6.83 6.84 6.86 6.88 6.91 6.94 6.97 7.01 7.06 7.11 7.16 7.22 7.28 7.34 7.41 7.48 5.89 5.92 2.54 0.00 0.00 0.00 0.00 
0.00 0.00 0.00 0.00 0.00 0.00 0.00 0.00 2.34 2.34 2.33 2.33 2.32 2.32 2.32 2.32 2.32 2.33 2.33 2.34 2.35 2.37 2.38 2.40 2.41 2.43 2.45 2.47 2.49 2.50 2.51 0.00 0.00 0.00 0.00 0.00 0.00 0.00 
0.00 0.00 0.00 0.00 0.00 0.00 0.00 0.00 0.00 0.00 0.00 0.00 0.00 0.00 0.00 0.00 0.00 0.00 0.00 0.00 0.00 0.00 0.00 0.00 0.00 0.00 0.00 0.00 0.00 0.00 0.00 0.00 0.00 0.00 0.00 0.00 0.00 0.00 
