0.00 0.00 0.00 0.00 0.00 0.00 0.00 0.00 0.00 0.00 0.00 0.00 0.00 0.00 0.00 0.00 0.00 0.00 0.00 0.00 0.00 0.00 0.00 0.00 0.00 0.00 0.00 0.00 0.00 0.00 0.00 0.00 0.00 0.00 0.00 0.00 0.00 0.00 
0.00 0.00 0.00 0.00 0.00 0.00 0.00 0.00 0.00 0.00 0.00 0.00 0.00 0.00 0.00 0.00 0.00 0.00 0.00 0.00 0.00 0.00 0.00 0.00 0.00 0.00 0.00 0.00 0.00 0.00 0.00 0.00 0.00 0.00 0.00 0.00 0.00 0.00 
0.00 0.00 0.00 0.00 0.00 0.00 0.00 0.00 822.80 831.94 845.59 863.39 885.15 910.74 940.06 972.98 1009.29 1048.53 1089.88 1131.87 1172.46 1209.78 1243.19 1273.41 1301.61 1328.66 1354.75 1379.19 1401.26 1419.48 1429.56 0.00 0.00 0.00 0.00 0.00 0.00 0.00 
0.00 0.00 0.00 0.00 0.00 788.56 1858.90 1874.23 2438.26 2468.05 2509.82 2563.00 2627.32 2702.55 2788.41 2884.43 2989.77 3102.93 3221.30 3340.89 3456.78 3564.85 3663.81 3755.06 3840.97 3923.35 4002.70 4077.83 4147.98 4212.98 4274.22 3379.61 3407.26 1465.03 0.00 0.00 0.00 0.00 
0.00 0.00 0.00 0.00 1303.83 1837.63 2374.75 2924.69 2951.81 2989.92 3040.83 3104.80 3181.76 3271.48 3373.54 3487.27 3611.52 3744.39 3882.89 4022.75 4159.04 4287.70 4407.28 4518.77 4624.14 4725.06 4822.06 4914.43 5001.85 5084.76 5164.91 5244.71 4351.12 3432.05 2461.46 0.00 0.00 0.00 
0.00 0.00 0.00 776.48 1823.45 2348.03 2883.14 2897.64 3467.04 3510.28 3569.34 3643.66 3732.94 3836.80 3954.68 4085.68 4228.37 4380.53 4538.83 4698.78 4855.31 5004.31 5144.13 5275.43 5399.97 5519.28 5633.97 5743.58 5847.92 5947.29 6042.15 5183.74 5271.34 4378.05 3453.49 1483.18 0.00 0.00 
0.00 0.00 0.00 1814.47 2332.96 2855.23 3390.99 3408.92 3439.93 3483.83 3542.15 3615.06 3702.38 3803.71 3918.43 4045.55 4183.62 4330.49 4483.12 4637.59 4789.48 4935.19 5073.09 5203.50 5327.69 5446.88 5561.68 5672.01 5778.21 5881.41 5983.80 6089.17 6189.07 5315.58 4415.56 3474.25 0.00 0.00 
0.00 0.00 0.00 1812.27 2843.16 2838.75 3373.15 3389.91 3420.08 3463.18 3520.56 3592.21 3677.91 3777.19 3889.38 4013.42 4147.83 4290.51 4438.63 4588.65 4736.74 4879.74 5016.07 5145.76 5269.67 5388.77 5503.65 5614.49 5721.99 5827.74 5934.72 6043.12 6149.72 5280.08 5372.98 3474.13 0.00 0.00 
0.00 0.00 774.22 2323.95 2834.16 3354.02 3360.26 3377.73 3956.23 4004.36 4069.89 4152.37 4251.33 4366.17 4496.07 4639.84 4795.81 4961.64 5134.10 5309.00 5481.62 5647.84 5805.61 5955.10 6097.63 6234.51 6366.46 6493.44 6615.75 6734.18 6849.98 6012.49 6123.02 6230.41 5354.16 4450.86 1500.61 0.00 
0.00 0.00 774.73 2321.45 2831.17 3350.57 3356.15 3373.38 3952.17 3999.90 4065.07 4147.18 4245.72 4360.05 4489.33 4632.36 4787.46 4952.30 5123.71 5297.61 5469.39 5635.04 5792.50 5941.85 6084.30 6221.08 6352.91 6479.78 6602.02 6720.46 6836.73 6000.37 6112.85 6221.23 5346.46 4443.83 1502.21 0.00 
0.00 0.00 774.24 2324.09 2834.38 3354.22 3360.44 3377.87 3956.34 4004.44 4069.94 4152.40 4251.35 4366.18 4496.06 4639.83 4795.81 4961.65 5134.14 5309.10 5481.78 5648.08 5805.92 5955.47 6098.02 6234.87 6366.72 6493.47 6615.32 6732.77 6846.25 6010.02 6120.24 6227.66 5351.11 4447.22 1499.64 0.00 
0.00 0.00 0.00 1812.52 2843.67 2839.10 3373.53 3390.20 3420.29 3463.32 3520.66 3592.27 3677.93 3777.20 3889.37 4013.40 4147.82 4290.53 4438.71 4588.83 4737.05 4880.20 5016.68 5146.49 5270.45 5389.51 5504.24 5614.74 5721.62 5826.37 5931.82 6038.81 6143.55 5275.15 5366.86 3471.08 0.00 0.00 
0.00 0.00 0.00 1814.91 2333.38 2855.68 3391.61 3409.35 3440.24 3484.04 3542.29 3615.14 3702.41 3803.71 3918.40 4045.51 4183.59 4330.49 4483.21 4637.82 4789.93 4935.90 5074.03 5204.63 5328.93 5448.10 5562.72 5672.62 5778.06 5880.04 5980.57 6082.95 6183.31 5310.66 4410.07 3471.19 0.00 0.00 
0.00 0.00 0.00 776.61 1823.84 2348.45 2883.63 2898.08 3467.41 3510.54 3569.51 3643.76 3732.98 3836.79 3954.63 4085.61 4228.31 4380.51 4538.92 4699.06 4855.89 5005.24 5145.40 5276.99 5401.71 5521.03 5635.55 5744.69 5848.18 5946.21 6039.21 5178.96 5266.65 4374.39 3450.90 1482.37 0.00 0.00 
0.00 0.00 0.00 0.00 1304.28 1838.03 2375.23 2925.33 2952.21 2990.18 3040.98 3104.88 3181.79 3271.45 3373.48 3487.18 3611.42 3744.33 3882.93 4023.01 4159.62 4288.70 4408.68 4520.49 4626.09 4727.06 4823.94 4915.89 5002.49 5084.01 5162.02 5239.14 4346.09 3429.67 2460.01 0.00 0.00 0.00 
0.00 0.00 0.00 0.00 0.00 788.70 1859.40 1874.55 2438.55 2468.24 2509.94 2563.06 2627.33 2702.51 2788.33 2884.32 2989.64 3102.82 3221.28 3341.08 3457.31 3565.82 3665.21 3756.82 3842.98 3925.47 4004.75 4079.56 4148.98 4212.57 4271.06 3377.21 3404.84 1464.41 0.00 0.00 0.00 0.00 
0.00 0.00 0.00 0.00 0.00 0.00 0.00 0.00 822.87 831.99 845.62 863.40 885.14 910.72 940.02 972.93 1009.23 1048.47 1089.84 1131.90 1172.64 1210.16 1243.76 1274.14 1302.46 1329.56 1355.64 1379.97 1401.75 1419.47 1428.80 0.00 0.00 0.00 0.00 0.00 0.00 0.00 
0.00 0.00 0.00 0.00 0.00 0.00 0.00 0.00 0.00 0.00 0.00 0.00 0.00 0.00 0.00 0.00 0.00 0.00 0.00 0.00 0.00 0.00 0.00 0.00 0.00 0.00 0.00 0.00 0.00 0.00 0.00 0.00 0.00 0.00 0.00 0.00 0.00 0.00 
