0.00 0.00 0.00 0.00 0.00 0.00 0.00 0.00 0.00 0.00 0.00 0.00 0.00 0.00 0.00 0.00 0.00 0.00 0.00 0.00 0.00 0.00 0.00 0.00 0.00 0.00 0.00 0.00 0.00 0.00 0.00 0.00 0.00 0.00 0.00 0.00 0.00 0.00 
0.00 0.00 0.00 0.00 0.00 0.00 0.00 0.00 0.00 0.00 0.00 0.00 0.00 0.00 0.00 0.00 0.00 0.00 0.00 0.00 0.00 0.00 0.00 0.00 0.00 0.00 0.00 0.00 0.00 0.00 0.00 0.00 0.00 0.00 0.00 0.00 0.00 0.00 
0.00 0.00 0.00 0.00 0.00 0.00 0.00 0.00 20.37 27.66 27.96 28.29 28.15 27.31 25.73 23.49 20.75 17.73 14.69 11.85 9.38 7.35 5.74 4.50 3.56 2.86 2.34 1.96 1.71 1.59 1.17 0.00 0.00 0.00 0.00 0.00 0.00 0.00 
0.00 0.00 0.00 0.00 0.00 5.28 41.53 57.77 49.16 45.62 47.81 49.05 49.05 47.66 44.89 40.93 36.08 30.77 25.45 20.53 16.25 12.74 9.96 7.82 6.20 4.98 4.07 3.37 2.86 2.50 2.59 3.10 2.54 0.37 0.00 0.00 0.00 0.00 
0.00 0.00 0.00 0.00 12.67 50.30 34.33 28.83 27.95 28.99 30.21 30.92 30.88 29.98 28.22 25.71 22.65 19.30 15.95 12.86 10.18 7.97 6.23 4.89 3.88 3.12 2.55 2.12 1.80 1.59 1.49 1.60 2.04 3.74 1.28 0.00 0.00 0.00 
0.00 0.00 0.00 5.08 48.13 28.61 24.07 23.56 22.48 23.63 24.65 25.24 25.22 24.50 23.06 21.02 18.52 15.78 13.05 10.52 8.33 6.53 5.10 4.01 3.17 2.55 2.08 1.73 1.48 1.30 1.20 1.28 1.43 2.08 5.06 0.76 0.00 0.00 
0.00 0.00 0.00 41.42 29.35 22.00 19.59 20.46 20.24 21.11 22.03 22.56 22.53 21.88 20.59 18.77 16.54 14.10 11.66 9.39 7.43 5.82 4.55 3.57 2.83 2.27 1.86 1.54 1.31 1.15 1.07 1.12 1.20 1.60 3.14 6.94 0.00 0.00 
0.00 0.00 0.00 51.20 23.78 20.40 19.56 18.41 18.71 18.32 19.39 19.98 20.04 19.50 18.39 16.78 14.80 12.63 10.46 8.45 6.70 5.26 4.11 3.23 2.56 2.05 1.68 1.39 1.17 1.00 0.98 1.00 1.17 1.54 2.55 9.64 0.00 0.00 
0.00 0.00 15.50 38.60 21.71 18.19 18.14 17.25 18.30 18.51 18.69 18.91 18.81 18.25 17.20 15.70 13.87 11.85 9.82 7.92 6.27 4.91 3.83 3.00 2.38 1.91 1.56 1.31 1.14 1.07 1.02 0.92 1.11 1.37 2.33 7.79 44.18 0.00 
0.00 0.00 19.32 34.74 21.45 18.28 17.72 15.60 18.55 18.29 18.52 18.76 18.67 18.11 17.07 15.59 13.77 11.77 9.75 7.87 6.23 4.88 3.81 2.99 2.36 1.90 1.55 1.30 1.13 1.06 1.07 0.83 1.09 1.37 2.32 6.61 79.73 0.00 
0.00 0.00 15.50 38.55 21.69 18.16 18.12 17.23 18.30 18.51 18.69 18.91 18.81 18.25 17.20 15.70 13.87 11.85 9.82 7.92 6.27 4.91 3.83 3.00 2.38 1.91 1.56 1.31 1.14 1.07 0.83 0.93 1.12 1.38 2.35 7.17 42.83 0.00 
0.00 0.00 0.00 51.14 24.31 20.33 19.52 18.37 18.69 18.30 19.38 19.98 20.04 19.50 18.39 16.78 14.80 12.64 10.46 8.45 6.70 5.26 4.11 3.23 2.56 2.05 1.68 1.39 1.17 1.01 0.99 1.01 1.01 1.51 2.33 9.79 0.00 0.00 
0.00 0.00 0.00 41.83 29.20 21.92 20.09 20.40 20.19 21.09 22.01 22.55 22.53 21.87 20.59 18.77 16.54 14.10 11.66 9.40 7.43 5.82 4.55 3.57 2.83 2.27 1.86 1.54 1.32 1.16 1.08 0.96 1.22 1.63 2.95 7.17 0.00 0.00 
0.00 0.00 0.00 5.06 47.94 28.50 24.00 23.49 22.43 23.59 24.63 25.22 25.21 24.49 23.06 21.02 18.52 15.78 13.05 10.52 8.33 6.53 5.10 4.00 3.17 2.55 2.08 1.73 1.48 1.31 1.21 1.26 1.46 2.08 5.22 0.80 0.00 0.00 
0.00 0.00 0.00 0.00 13.19 50.07 34.21 29.37 27.87 28.94 30.18 30.90 30.87 29.98 28.22 25.71 22.65 19.30 15.96 12.86 10.18 7.97 6.23 4.89 3.87 3.11 2.55 2.12 1.81 1.61 1.51 1.46 1.91 3.82 1.33 0.00 0.00 0.00 
0.00 0.00 0.00 0.00 0.00 5.26 41.96 57.61 49.06 45.56 47.77 49.02 49.04 47.66 44.90 40.93 36.09 30.78 25.46 20.53 16.25 12.73 9.96 7.81 6.19 4.97 4.06 3.38 2.87 2.52 2.43 3.15 2.59 0.38 0.00 0.00 0.00 0.00 
0.00 0.00 0.00 0.00 0.00 0.00 0.00 0.00 20.34 27.64 27.95 28.29 28.14 27.31 25.73 23.49 20.75 17.74 14.69 11.86 9.38 7.34 5.73 4.49 3.56 2.85 2.34 1.96 1.71 1.61 1.18 0.00 0.00 0.00 0.00 0.00 0.00 0.00 
0.00 0.00 0.00 0.00 0.00 0.00 0.00 0.00 0.00 0.00 0.00 0.00 0.00 0.00 0.00 0.00 0.00 0.00 0.00 0.00 0.00 0.00 0.00 0.00 0.00 0.00 0.00 0.00 0.00 0.00 0.00 0.00 0.00 0.00 0.00 0.00 0.00 0.00 
