0.00 0.00 0.00 0.00 0.00 0.00 0.00 0.00 0.00 0.00 0.00 0.00 0.00 0.00 0.00 0.00 0.00 0.00 0.00 0.00 0.00 0.00 0.00 0.00 0.00 0.00 0.00 0.00 0.00 0.00 0.00 0.00 0.00 0.00 0.00 0.00 0.00 0.00 
0.00 0.00 0.00 0.00 0.00 0.00 0.00 0.00 0.00 0.00 0.00 0.00 0.00 0.00 0.00 0.00 0.00 0.00 0.00 0.00 0.00 0.00 0.00 0.00 0.00 0.00 0.00 0.00 0.00 0.00 0.00 0.00 0.00 0.00 0.00 0.00 0.00 0.00 
0.00 0.00 0.00 0.00 0.00 0.00 0.00 0.00 49.23 62.99 53.10 33.85 13.16 4.63 2.56 1.82 1.43 1.19 1.04 0.93 0.86 0.80 0.77 0.75 0.73 0.73 0.74 0.75 0.75 0.75 0.55 0.00 0.00 0.00 0.00 0.00 0.00 0.00 
0.00 0.00 0.00 0.00 0.00 14.54 115.25 153.47 117.93 95.34 74.59 41.85 15.86 6.67 4.06 2.97 2.36 1.99 1.74 1.57 1.45 1.37 1.31 1.28 1.27 1.27 1.30 1.31 1.31 1.29 1.44 1.78 1.30 0.16 0.00 0.00 0.00 0.00 
0.00 0.00 0.00 0.00 35.67 150.19 95.87 75.36 67.33 60.77 47.28 26.16 9.87 4.19 2.56 1.87 1.49 1.25 1.09 0.98 0.91 0.86 0.82 0.80 0.80 0.80 0.82 0.82 0.82 0.81 0.81 0.90 1.11 1.73 0.42 0.00 0.00 0.00 
0.00 0.00 0.00 14.12 148.85 86.29 67.08 62.03 53.30 48.15 36.89 20.20 7.75 3.36 2.07 1.51 1.20 1.01 0.89 0.80 0.74 0.70 0.67 0.66 0.65 0.66 0.67 0.68 0.68 0.67 0.66 0.71 0.77 0.99 1.72 0.16 0.00 0.00 
0.00 0.00 0.00 111.19 94.12 66.42 55.15 53.70 50.60 46.34 37.20 21.24 7.86 3.17 1.91 1.39 1.10 0.92 0.81 0.72 0.67 0.63 0.60 0.59 0.58 0.58 0.59 0.60 0.60 0.59 0.58 0.62 0.66 0.77 1.10 1.27 0.00 0.00 
0.00 0.00 0.00 150.09 74.15 61.11 53.75 49.23 44.45 35.26 26.46 14.53 5.76 2.57 1.60 1.18 0.94 0.80 0.70 0.63 0.59 0.56 0.54 0.53 0.52 0.53 0.54 0.54 0.54 0.53 0.56 0.56 0.62 0.70 0.88 1.74 0.00 0.00 
0.00 0.00 46.38 118.62 67.35 54.35 50.72 45.54 42.40 42.30 35.76 22.85 8.88 3.11 1.72 1.22 0.96 0.80 0.69 0.62 0.57 0.54 0.51 0.50 0.49 0.49 0.50 0.50 0.50 0.50 0.52 0.55 0.57 0.64 0.79 1.39 0.52 0.00 
0.00 0.00 63.08 103.81 66.35 54.11 49.86 40.66 44.79 41.34 34.69 22.06 8.62 3.06 1.69 1.20 0.95 0.79 0.69 0.62 0.57 0.53 0.51 0.50 0.49 0.49 0.50 0.50 0.50 0.50 0.50 0.51 0.57 0.64 0.78 1.22 0.71 0.00 
0.00 0.00 46.37 118.54 67.29 54.30 50.69 45.51 42.39 42.30 35.76 22.85 8.88 3.11 1.72 1.22 0.96 0.80 0.69 0.62 0.57 0.54 0.51 0.50 0.49 0.49 0.50 0.50 0.50 0.50 0.41 0.56 0.57 0.65 0.79 1.30 0.53 0.00 
0.00 0.00 0.00 149.88 75.62 61.01 53.67 49.17 44.41 35.24 26.46 14.54 5.77 2.58 1.60 1.18 0.94 0.80 0.70 0.64 0.59 0.56 0.54 0.53 0.52 0.53 0.54 0.55 0.55 0.54 0.57 0.57 0.52 0.69 0.79 1.76 0.00 0.00 
0.00 0.00 0.00 112.43 93.94 66.30 56.56 53.62 50.53 46.30 37.20 21.26 7.87 3.18 1.91 1.39 1.10 0.92 0.81 0.73 0.67 0.63 0.60 0.59 0.58 0.58 0.59 0.60 0.60 0.59 0.59 0.53 0.67 0.78 1.01 1.29 0.00 0.00 
0.00 0.00 0.00 14.09 148.52 86.11 66.94 61.91 53.23 48.10 36.89 20.23 7.76 3.37 2.07 1.51 1.21 1.01 0.89 0.80 0.74 0.70 0.67 0.66 0.65 0.66 0.67 0.68 0.68 0.67 0.66 0.70 0.79 0.98 1.75 0.16 0.00 0.00 
0.00 0.00 0.00 0.00 37.17 149.83 95.65 76.87 67.22 60.71 47.28 26.20 9.89 4.20 2.56 1.87 1.49 1.25 1.09 0.98 0.91 0.86 0.83 0.81 0.80 0.80 0.82 0.83 0.83 0.82 0.82 0.81 1.03 1.76 0.42 0.00 0.00 0.00 
0.00 0.00 0.00 0.00 0.00 14.51 116.51 153.18 117.76 95.26 74.60 41.94 15.91 6.68 4.07 2.97 2.37 1.99 1.74 1.57 1.45 1.37 1.32 1.29 1.27 1.28 1.31 1.32 1.32 1.30 1.35 1.82 1.32 0.16 0.00 0.00 0.00 0.00 
0.00 0.00 0.00 0.00 0.00 0.00 0.00 0.00 49.18 62.95 53.11 33.92 13.22 4.65 2.57 1.82 1.43 1.20 1.04 0.93 0.86 0.80 0.77 0.75 0.74 0.74 0.75 0.75 0.76 0.76 0.56 0.00 0.00 0.00 0.00 0.00 0.00 0.00 
0.00 0.00 0.00 0.00 0.00 0.00 0.00 0.00 0.00 0.00 0.00 0.00 0.00 0.00 0.00 0.00 0.00 0.00 0.00 0.00 0.00 0.00 0.00 0.00 0.00 0.00 0.00 0.00 0.00 0.00 0.00 0.00 0.00 0.00 0.00 0.00 0.00 0.00 
