0.00 0.00 0.00 0.00 0.00 0.00 0.00 0.00 0.00 0.00 0.00 0.00 0.00 0.00 0.00 0.00 0.00 0.00 0.00 0.00 0.00 0.00 0.00 0.00 0.00 0.00 0.00 0.00 0.00 0.00 0.00 0.00 0.00 0.00 0.00 0.00 0.00 0.00 
0.00 0.00 0.00 0.00 0.00 0.00 0.00 0.00 0.00 0.00 0.00 0.00 0.00 0.00 0.00 0.00 0.00 0.00 0.00 0.00 0.00 0.00 0.00 0.00 0.00 0.00 0.00 0.00 0.00 0.00 0.00 0.00 0.00 0.00 0.00 0.00 0.00 0.00 
0.00 0.00 0.00 0.00 0.00 0.00 0.00 0.00 2.55 2.68 2.14 1.87 1.74 1.67 1.64 1.64 1.66 1.69 1.73 1.77 1.81 1.86 1.90 1.94 1.98 2.03 2.08 2.10 2.11 2.11 1.55 0.00 0.00 0.00 0.00 0.00 0.00 0.00 
0.00 0.00 0.00 0.00 0.00 10.65 22.06 11.79 5.81 3.93 3.31 2.98 2.80 2.72 2.69 2.71 2.75 2.81 2.88 2.97 3.05 3.14 3.23 3.31 3.39 3.48 3.58 3.64 3.64 3.60 4.05 5.01 3.65 0.46 0.00 0.00 0.00 0.00 
0.00 0.00 0.00 0.00 80.86 138.46 14.62 5.33 3.25 2.49 2.09 1.88 1.76 1.71 1.69 1.70 1.73 1.76 1.81 1.86 1.91 1.97 2.02 2.07 2.13 2.18 2.25 2.29 2.29 2.27 2.27 2.53 3.12 4.85 1.17 0.00 0.00 0.00 
0.00 0.00 0.00 36.58 278.98 74.37 9.88 4.41 2.54 1.98 1.67 1.51 1.42 1.38 1.37 1.38 1.40 1.43 1.47 1.52 1.56 1.61 1.65 1.70 1.74 1.79 1.84 1.87 1.88 1.86 1.84 2.00 2.17 2.79 4.83 0.45 0.00 0.00 
0.00 0.00 0.00 265.45 168.94 54.46 8.62 4.06 2.51 1.89 1.58 1.41 1.32 1.28 1.26 1.26 1.28 1.30 1.33 1.37 1.41 1.45 1.48 1.52 1.56 1.59 1.64 1.66 1.66 1.65 1.63 1.75 1.84 2.15 3.08 3.59 0.00 0.00 
0.00 0.00 0.00 321.41 133.04 60.82 8.28 3.81 2.19 1.50 1.27 1.16 1.10 1.07 1.07 1.08 1.10 1.13 1.17 1.20 1.24 1.28 1.32 1.36 1.39 1.44 1.48 1.51 1.51 1.48 1.57 1.58 1.74 1.97 2.48 4.89 0.00 0.00 
0.00 0.00 115.38 248.16 125.89 44.54 10.46 3.45 2.15 1.80 1.43 1.25 1.16 1.12 1.10 1.10 1.11 1.13 1.16 1.18 1.21 1.24 1.27 1.30 1.33 1.36 1.39 1.41 1.41 1.42 1.47 1.55 1.60 1.80 2.21 3.91 1.48 0.00 
0.00 0.00 155.12 221.49 123.87 42.34 11.12 3.06 2.34 1.76 1.40 1.23 1.15 1.10 1.09 1.09 1.10 1.12 1.14 1.17 1.20 1.23 1.26 1.29 1.32 1.35 1.38 1.40 1.41 1.41 1.42 1.44 1.60 1.80 2.19 3.42 2.02 0.00 
0.00 0.00 115.32 247.82 126.07 44.61 10.49 3.45 2.15 1.80 1.43 1.25 1.16 1.12 1.10 1.10 1.11 1.13 1.16 1.18 1.21 1.24 1.27 1.30 1.33 1.36 1.39 1.41 1.42 1.42 1.16 1.57 1.61 1.81 2.22 3.64 1.49 0.00 
0.00 0.00 0.00 320.71 136.80 61.15 8.32 3.80 2.19 1.50 1.27 1.16 1.10 1.07 1.07 1.08 1.10 1.13 1.17 1.20 1.24 1.28 1.32 1.36 1.40 1.44 1.48 1.51 1.51 1.49 1.59 1.60 1.47 1.93 2.23 4.95 0.00 0.00 
0.00 0.00 0.00 268.44 168.46 54.55 8.85 4.06 2.50 1.89 1.58 1.41 1.32 1.28 1.26 1.26 1.28 1.30 1.34 1.37 1.41 1.45 1.48 1.52 1.56 1.60 1.64 1.67 1.67 1.66 1.65 1.48 1.87 2.18 2.84 3.64 0.00 0.00 
0.00 0.00 0.00 36.43 278.15 74.19 9.89 4.41 2.53 1.98 1.67 1.51 1.42 1.38 1.37 1.38 1.40 1.43 1.47 1.52 1.56 1.61 1.65 1.70 1.74 1.79 1.85 1.88 1.89 1.88 1.86 1.96 2.20 2.76 4.90 0.46 0.00 0.00 
0.00 0.00 0.00 0.00 84.33 138.25 14.64 5.44 3.24 2.48 2.09 1.88 1.76 1.71 1.69 1.70 1.73 1.76 1.81 1.86 1.92 1.97 2.02 2.08 2.13 2.19 2.25 2.29 2.31 2.29 2.29 2.28 2.89 4.93 1.19 0.00 0.00 0.00 
0.00 0.00 0.00 0.00 0.00 10.57 22.21 11.76 5.79 3.93 3.31 2.98 2.80 2.72 2.70 2.71 2.75 2.81 2.89 2.97 3.06 3.14 3.23 3.31 3.40 3.49 3.60 3.66 3.67 3.63 3.79 5.10 3.71 0.46 0.00 0.00 0.00 0.00 
0.00 0.00 0.00 0.00 0.00 0.00 0.00 0.00 2.55 2.68 2.14 1.87 1.74 1.67 1.65 1.65 1.66 1.69 1.73 1.77 1.81 1.86 1.90 1.94 1.99 2.03 2.08 2.11 2.13 2.13 1.57 0.00 0.00 0.00 0.00 0.00 0.00 0.00 
0.00 0.00 0.00 0.00 0.00 0.00 0.00 0.00 0.00 0.00 0.00 0.00 0.00 0.00 0.00 0.00 0.00 0.00 0.00 0.00 0.00 0.00 0.00 0.00 0.00 0.00 0.00 0.00 0.00 0.00 0.00 0.00 0.00 0.00 0.00 0.00 0.00 0.00 
