0.00 0.00 0.00 0.00 0.00 0.00 0.00 0.00 0.00 0.00 0.00 0.00 0.00 0.00 0.00 0.00 0.00 0.00 0.00 0.00 0.00 0.00 0.00 0.00 0.00 0.00 0.00 0.00 0.00 0.00 0.00 0.00 0.00 0.00 0.00 0.00 0.00 0.00 
0.00 0.00 0.00 0.00 0.00 0.00 0.00 0.00 0.00 0.00 0.00 0.00 0.00 0.00 0.00 0.00 0.00 0.00 0.00 0.00 0.00 0.00 0.00 0.00 0.00 0.00 0.00 0.00 0.00 0.00 0.00 0.00 0.00 0.00 0.00 0.00 0.00 0.00 
0.00 0.00 0.00 0.00 0.00 0.00 0.00 0.00 21.50 27.34 23.74 18.83 13.33 8.52 5.29 3.48 2.53 1.99 1.67 1.45 1.31 1.20 1.13 1.07 1.03 1.01 1.00 0.99 0.98 0.96 0.70 0.00 0.00 0.00 0.00 0.00 0.00 0.00 
0.00 0.00 0.00 0.00 0.00 6.98 54.84 71.85 53.45 42.50 36.11 28.03 19.64 12.73 8.18 5.58 4.14 3.30 2.78 2.43 2.19 2.02 1.90 1.81 1.75 1.72 1.71 1.69 1.66 1.61 1.80 2.20 1.60 0.20 0.00 0.00 0.00 0.00 
0.00 0.00 0.00 0.00 17.58 73.64 45.84 34.91 29.83 26.71 22.65 17.54 12.26 7.94 5.11 3.49 2.60 2.07 1.74 1.53 1.37 1.27 1.19 1.13 1.10 1.08 1.07 1.06 1.04 1.02 1.01 1.11 1.35 2.09 0.50 0.00 0.00 0.00 
0.00 0.00 0.00 7.08 74.37 42.47 32.03 28.55 23.81 21.50 18.22 14.09 9.86 6.41 4.14 2.84 2.11 1.69 1.42 1.24 1.12 1.03 0.97 0.93 0.90 0.88 0.88 0.87 0.85 0.83 0.81 0.88 0.94 1.20 2.06 0.19 0.00 0.00 
0.00 0.00 0.00 56.45 47.22 32.64 26.39 24.97 22.30 20.06 17.11 13.32 9.32 6.00 3.82 2.59 1.92 1.53 1.28 1.12 1.01 0.93 0.87 0.83 0.81 0.79 0.78 0.78 0.76 0.74 0.73 0.77 0.80 0.93 1.31 1.53 0.00 0.00 
0.00 0.00 0.00 76.54 37.13 30.02 25.69 22.92 20.47 16.66 14.06 10.88 7.65 5.00 3.25 2.24 1.67 1.34 1.13 0.99 0.89 0.82 0.77 0.74 0.72 0.70 0.70 0.69 0.68 0.66 0.70 0.70 0.76 0.85 1.06 2.08 0.00 0.00 
0.00 0.00 24.16 60.51 33.60 26.68 24.24 21.64 19.27 18.31 15.91 12.62 8.93 5.71 3.54 2.33 1.69 1.33 1.11 0.97 0.87 0.80 0.75 0.72 0.69 0.68 0.67 0.66 0.65 0.64 0.66 0.68 0.70 0.77 0.94 1.66 0.63 0.00 
0.00 0.00 32.94 52.84 33.10 26.53 23.93 19.54 19.63 18.06 15.67 12.42 8.80 5.63 3.50 2.31 1.68 1.32 1.11 0.96 0.87 0.80 0.75 0.71 0.69 0.67 0.67 0.66 0.65 0.64 0.64 0.63 0.70 0.77 0.93 1.46 0.86 0.00 
0.00 0.00 24.16 60.49 33.58 26.67 24.23 21.64 19.26 18.31 15.91 12.62 8.94 5.71 3.54 2.33 1.69 1.33 1.11 0.97 0.87 0.80 0.75 0.72 0.69 0.68 0.67 0.66 0.65 0.65 0.52 0.68 0.70 0.77 0.95 1.55 0.64 0.00 
0.00 0.00 0.00 76.48 37.88 29.99 25.67 22.91 20.46 16.66 14.06 10.88 7.65 5.01 3.26 2.24 1.67 1.34 1.13 0.99 0.89 0.82 0.77 0.74 0.72 0.70 0.70 0.70 0.68 0.66 0.70 0.70 0.64 0.83 0.95 2.11 0.00 0.00 
0.00 0.00 0.00 57.11 47.17 32.61 27.07 24.95 22.29 20.05 17.11 13.32 9.33 6.01 3.83 2.59 1.92 1.53 1.28 1.12 1.01 0.93 0.87 0.83 0.81 0.79 0.79 0.78 0.76 0.75 0.74 0.65 0.81 0.94 1.21 1.56 0.00 0.00 
0.00 0.00 0.00 7.07 74.28 42.42 32.00 28.53 23.80 21.49 18.22 14.09 9.86 6.41 4.14 2.84 2.12 1.69 1.42 1.25 1.12 1.03 0.97 0.93 0.90 0.88 0.88 0.87 0.86 0.84 0.82 0.86 0.96 1.19 2.09 0.19 0.00 0.00 
0.00 0.00 0.00 0.00 18.34 73.55 45.79 35.62 29.81 26.70 22.65 17.54 12.27 7.95 5.12 3.50 2.60 2.07 1.75 1.53 1.38 1.27 1.19 1.14 1.10 1.08 1.08 1.07 1.05 1.03 1.02 1.00 1.25 2.12 0.51 0.00 0.00 0.00 
0.00 0.00 0.00 0.00 0.00 6.97 55.48 71.78 53.41 42.48 36.11 28.05 19.66 12.75 8.19 5.58 4.14 3.31 2.78 2.44 2.19 2.02 1.90 1.81 1.76 1.72 1.71 1.70 1.67 1.63 1.68 2.24 1.62 0.20 0.00 0.00 0.00 0.00 
0.00 0.00 0.00 0.00 0.00 0.00 0.00 0.00 21.49 27.33 23.74 18.84 13.34 8.53 5.30 3.49 2.53 1.99 1.67 1.45 1.31 1.20 1.13 1.07 1.04 1.01 1.01 1.00 0.98 0.97 0.71 0.00 0.00 0.00 0.00 0.00 0.00 0.00 
0.00 0.00 0.00 0.00 0.00 0.00 0.00 0.00 0.00 0.00 0.00 0.00 0.00 0.00 0.00 0.00 0.00 0.00 0.00 0.00 0.00 0.00 0.00 0.00 0.00 0.00 0.00 0.00 0.00 0.00 0.00 0.00 0.00 0.00 0.00 0.00 0.00 0.00 
