0.00 0.00 0.00 0.00 0.00 0.00 0.00 0.00 0.00 0.00 0.00 0.00 0.00 0.00 0.00 0.00 0.00 0.00 0.00 0.00 0.00 0.00 0.00 0.00 0.00 0.00 0.00 0.00 0.00 0.00 0.00 0.00 0.00 0.00 0.00 0.00 0.00 0.00 
0.00 0.00 0.00 0.00 0.00 0.00 0.00 0.00 0.00 0.00 0.00 0.00 0.00 0.00 0.00 0.00 0.00 0.00 0.00 0.00 0.00 0.00 0.00 0.00 0.00 0.00 0.00 0.00 0.00 0.00 0.00 0.00 0.00 0.00 0.00 0.00 0.00 0.00 
0.00 0.00 0.00 0.00 0.00 0.00 0.00 0.00 2.45 2.62 2.14 1.92 1.81 1.78 1.77 1.80 1.83 1.88 1.94 2.00 2.06 2.11 2.17 2.22 2.27 2.32 2.38 2.41 2.42 2.41 1.77 0.00 0.00 0.00 0.00 0.00 0.00 0.00 
0.00 0.00 0.00 0.00 0.00 6.30 15.71 10.30 5.46 3.83 3.31 3.05 2.93 2.89 2.91 2.96 3.04 3.13 3.24 3.35 3.46 3.57 3.68 3.78 3.89 3.99 4.10 4.17 4.17 4.11 4.63 5.73 4.17 0.52 0.00 0.00 0.00 0.00 
0.00 0.00 0.00 0.00 78.03 100.98 11.56 4.80 3.07 2.43 2.09 1.92 1.84 1.82 1.83 1.86 1.90 1.96 2.03 2.10 2.17 2.24 2.31 2.37 2.44 2.50 2.57 2.62 2.62 2.60 2.59 2.89 3.56 5.54 1.33 0.00 0.00 0.00 
0.00 0.00 0.00 38.56 273.27 53.99 7.92 3.98 2.40 1.94 1.68 1.55 1.49 1.47 1.48 1.51 1.55 1.60 1.65 1.71 1.77 1.83 1.88 1.94 1.99 2.05 2.11 2.14 2.15 2.13 2.10 2.29 2.48 3.19 5.51 0.51 0.00 0.00 
0.00 0.00 0.00 278.39 165.08 39.22 6.75 3.62 2.36 1.84 1.58 1.45 1.38 1.36 1.36 1.38 1.41 1.45 1.50 1.55 1.60 1.65 1.69 1.74 1.78 1.83 1.87 1.90 1.90 1.88 1.87 2.00 2.10 2.46 3.51 4.09 0.00 0.00 
0.00 0.00 0.00 333.25 129.79 45.65 6.44 3.35 2.05 1.46 1.27 1.19 1.15 1.14 1.16 1.18 1.22 1.26 1.31 1.36 1.41 1.46 1.51 1.55 1.60 1.64 1.69 1.72 1.73 1.70 1.80 1.80 1.98 2.25 2.83 5.58 0.00 0.00 
0.00 0.00 122.03 256.82 122.15 31.94 7.28 2.97 2.04 1.76 1.44 1.29 1.22 1.19 1.19 1.20 1.23 1.26 1.30 1.34 1.37 1.41 1.45 1.48 1.52 1.55 1.59 1.61 1.62 1.62 1.68 1.77 1.83 2.05 2.52 4.46 1.69 0.00 
0.00 0.00 163.94 229.57 120.48 29.38 7.46 2.61 2.25 1.72 1.41 1.26 1.20 1.17 1.17 1.19 1.21 1.25 1.28 1.32 1.36 1.40 1.44 1.47 1.51 1.54 1.58 1.60 1.61 1.61 1.62 1.64 1.82 2.05 2.49 3.90 2.30 0.00 
0.00 0.00 121.96 256.45 122.51 32.02 7.28 2.96 2.04 1.76 1.44 1.29 1.22 1.19 1.19 1.20 1.23 1.26 1.30 1.34 1.37 1.41 1.45 1.49 1.52 1.55 1.59 1.61 1.62 1.62 1.33 1.79 1.84 2.06 2.53 4.15 1.70 0.00 
0.00 0.00 0.00 332.52 133.55 46.04 6.45 3.34 2.05 1.45 1.27 1.19 1.15 1.14 1.16 1.18 1.22 1.26 1.31 1.36 1.41 1.46 1.51 1.55 1.60 1.65 1.70 1.73 1.73 1.71 1.82 1.83 1.68 2.20 2.54 5.65 0.00 0.00 
0.00 0.00 0.00 281.53 164.62 39.30 6.92 3.61 2.36 1.84 1.58 1.45 1.38 1.36 1.36 1.38 1.41 1.45 1.50 1.55 1.60 1.65 1.69 1.74 1.78 1.83 1.88 1.91 1.91 1.89 1.88 1.69 2.14 2.49 3.24 4.15 0.00 0.00 
0.00 0.00 0.00 38.39 272.60 53.85 7.91 3.97 2.40 1.93 1.67 1.54 1.49 1.47 1.48 1.51 1.55 1.60 1.65 1.71 1.77 1.83 1.89 1.94 1.99 2.05 2.11 2.15 2.16 2.14 2.12 2.24 2.51 3.15 5.59 0.52 0.00 0.00 
0.00 0.00 0.00 0.00 81.39 100.91 11.55 4.89 3.06 2.42 2.09 1.92 1.84 1.82 1.83 1.86 1.91 1.96 2.03 2.10 2.17 2.24 2.31 2.38 2.44 2.51 2.58 2.63 2.64 2.62 2.62 2.60 3.29 5.63 1.35 0.00 0.00 0.00 
0.00 0.00 0.00 0.00 0.00 6.25 15.82 10.25 5.44 3.82 3.31 3.05 2.93 2.89 2.91 2.96 3.04 3.13 3.24 3.35 3.46 3.58 3.69 3.79 3.89 4.00 4.12 4.18 4.20 4.15 4.34 5.83 4.24 0.53 0.00 0.00 0.00 0.00 
0.00 0.00 0.00 0.00 0.00 0.00 0.00 0.00 2.45 2.62 2.14 1.92 1.82 1.78 1.77 1.80 1.83 1.88 1.94 2.00 2.06 2.12 2.17 2.22 2.27 2.33 2.39 2.42 2.43 2.44 1.79 0.00 0.00 0.00 0.00 0.00 0.00 0.00 
0.00 0.00 0.00 0.00 0.00 0.00 0.00 0.00 0.00 0.00 0.00 0.00 0.00 0.00 0.00 0.00 0.00 0.00 0.00 0.00 0.00 0.00 0.00 0.00 0.00 0.00 0.00 0.00 0.00 0.00 0.00 0.00 0.00 0.00 0.00 0.00 0.00 0.00 
