0.00 0.00 0.00 0.00 0.00 0.00 0.00 0.00 0.00 0.00 0.00 0.00 0.00 0.00 0.00 0.00 0.00 0.00 0.00 0.00 0.00 0.00 0.00 0.00 0.00 0.00 0.00 0.00 0.00 0.00 0.00 0.00 0.00 0.00 0.00 0.00 0.00 0.00 
0.00 0.00 0.00 0.00 0.00 0.00 0.00 0.00 0.00 0.00 0.00 0.00 0.00 0.00 0.00 0.00 0.00 0.00 0.00 0.00 0.00 0.00 0.00 0.00 0.00 0.00 0.00 0.00 0.00 0.00 0.00 0.00 0.00 0.00 0.00 0.00 0.00 0.00 
0.00 0.00 0.00 0.00 0.00 0.00 0.00 0.00 0.66 0.87 0.88 0.93 1.00 1.07 1.16 1.27 1.40 1.57 1.80 2.15 2.71 3.73 5.96 11.48 21.98 33.49 40.94 43.74 43.74 42.69 30.67 0.00 0.00 0.00 0.00 0.00 0.00 0.00 
0.00 0.00 0.00 0.00 0.00 0.21 1.45 1.77 1.44 1.32 1.41 1.53 1.66 1.81 1.98 2.18 2.42 2.73 3.15 3.77 4.74 6.44 9.98 18.25 34.54 54.65 69.74 76.55 77.22 74.19 80.03 93.81 65.62 8.03 0.00 0.00 0.00 0.00 
0.00 0.00 0.00 0.00 0.66 1.96 1.13 0.87 0.82 0.84 0.89 0.96 1.04 1.14 1.24 1.37 1.52 1.71 1.98 2.36 2.98 4.05 6.26 11.41 21.60 34.41 44.18 48.62 49.12 47.39 45.45 48.07 56.69 84.41 19.75 0.00 0.00 0.00 
0.00 0.00 0.00 0.38 2.46 1.10 0.79 0.72 0.65 0.68 0.72 0.78 0.85 0.93 1.01 1.11 1.24 1.40 1.62 1.94 2.44 3.31 5.11 9.22 17.32 27.62 35.71 39.57 40.18 38.86 36.87 38.07 39.49 48.48 81.18 7.39 0.00 0.00 
0.00 0.00 0.00 3.67 1.50 0.84 0.64 0.63 0.61 0.62 0.66 0.71 0.77 0.84 0.91 1.00 1.11 1.25 1.44 1.72 2.16 2.95 4.60 8.57 16.45 25.97 32.73 35.48 35.48 34.00 32.25 33.02 33.53 37.51 51.68 58.00 0.00 0.00 
0.00 0.00 0.00 4.48 1.19 0.80 0.66 0.57 0.54 0.52 0.56 0.61 0.67 0.73 0.81 0.89 0.99 1.12 1.30 1.56 1.96 2.65 4.06 7.24 13.42 21.25 27.57 30.83 31.52 30.40 30.92 29.53 31.59 34.29 41.82 79.26 0.00 0.00 
0.00 0.00 2.81 3.26 1.09 0.69 0.63 0.51 0.56 0.59 0.59 0.62 0.67 0.72 0.78 0.85 0.94 1.05 1.21 1.44 1.81 2.49 3.99 7.69 14.75 22.48 27.47 29.35 29.37 28.74 29.28 29.14 28.82 31.54 37.38 63.76 22.79 0.00 
0.00 0.00 3.47 2.89 1.08 0.69 0.61 0.45 0.61 0.58 0.58 0.61 0.66 0.71 0.77 0.84 0.93 1.04 1.20 1.43 1.80 2.47 3.95 7.59 14.49 22.10 27.10 29.06 29.16 28.50 28.20 27.09 28.71 31.73 37.12 56.01 31.05 0.00 
0.00 0.00 2.81 3.27 1.10 0.69 0.63 0.51 0.56 0.59 0.59 0.62 0.67 0.72 0.78 0.85 0.94 1.05 1.21 1.44 1.81 2.49 3.99 7.69 14.75 22.49 27.49 29.38 29.44 28.87 23.17 29.49 29.10 31.83 37.73 59.48 23.04 0.00 
0.00 0.00 0.00 4.49 1.23 0.80 0.66 0.57 0.54 0.52 0.56 0.61 0.67 0.73 0.81 0.89 0.99 1.12 1.30 1.55 1.96 2.65 4.06 7.24 13.43 21.28 27.63 30.93 31.70 30.69 31.40 30.06 26.82 33.65 37.74 80.93 0.00 0.00 
0.00 0.00 0.00 3.71 1.49 0.84 0.66 0.63 0.61 0.62 0.66 0.71 0.77 0.84 0.91 1.00 1.11 1.25 1.44 1.72 2.16 2.95 4.60 8.57 16.47 26.02 32.82 35.63 35.71 34.34 32.75 28.07 34.40 38.32 48.09 59.30 0.00 0.00 
0.00 0.00 0.00 0.38 2.46 1.09 0.79 0.72 0.65 0.68 0.72 0.78 0.85 0.93 1.01 1.11 1.24 1.40 1.62 1.94 2.44 3.31 5.11 9.22 17.34 27.68 35.83 39.77 40.49 39.30 37.48 37.52 40.41 48.30 83.19 7.54 0.00 0.00 
0.00 0.00 0.00 0.00 0.69 1.95 1.13 0.89 0.82 0.84 0.89 0.96 1.04 1.14 1.24 1.37 1.52 1.71 1.98 2.36 2.98 4.05 6.26 11.41 21.63 34.50 44.35 48.90 49.54 47.97 46.25 43.61 52.93 86.59 20.18 0.00 0.00 0.00 
0.00 0.00 0.00 0.00 0.00 0.21 1.47 1.77 1.43 1.32 1.41 1.53 1.66 1.81 1.98 2.18 2.42 2.73 3.15 3.77 4.74 6.44 9.98 18.26 34.59 54.81 70.05 77.07 78.00 75.30 75.42 96.30 67.31 8.21 0.00 0.00 0.00 0.00 
0.00 0.00 0.00 0.00 0.00 0.00 0.00 0.00 0.66 0.87 0.88 0.93 1.00 1.07 1.16 1.27 1.40 1.57 1.80 2.15 2.71 3.72 5.96 11.49 22.01 33.58 41.13 44.05 44.23 43.42 31.39 0.00 0.00 0.00 0.00 0.00 0.00 0.00 
0.00 0.00 0.00 0.00 0.00 0.00 0.00 0.00 0.00 0.00 0.00 0.00 0.00 0.00 0.00 0.00 0.00 0.00 0.00 0.00 0.00 0.00 0.00 0.00 0.00 0.00 0.00 0.00 0.00 0.00 0.00 0.00 0.00 0.00 0.00 0.00 0.00 0.00 
