0.00 0.00 0.00 0.00 0.00 0.00 0.00 0.00 0.00 0.00 0.00 0.00 0.00 0.00 0.00 0.00 0.00 0.00 0.00 0.00 0.00 0.00 0.00 0.00 0.00 0.00 0.00 0.00 0.00 0.00 0.00 0.00 0.00 0.00 0.00 0.00 0.00 0.00 
0.00 0.00 0.00 0.00 0.00 0.00 0.00 0.00 0.00 0.00 0.00 0.00 0.00 0.00 0.00 0.00 0.00 0.00 0.00 0.00 0.00 0.00 0.00 0.00 0.00 0.00 0.00 0.00 0.00 0.00 0.00 0.00 0.00 0.00 0.00 0.00 0.00 0.00 
0.00 0.00 0.00 0.00 0.00 0.00 0.00 0.00 32.94 44.76 44.92 44.32 41.43 35.16 25.64 15.58 8.55 5.00 3.36 2.52 2.04 1.72 1.50 1.33 1.20 1.09 1.00 0.92 0.87 0.85 0.64 0.00 0.00 0.00 0.00 0.00 0.00 0.00 
0.00 0.00 0.00 0.00 0.00 8.01 64.27 91.37 79.35 74.29 77.19 76.63 71.00 59.14 42.25 25.58 14.39 8.69 5.95 4.50 3.63 3.06 2.66 2.35 2.11 1.91 1.74 1.59 1.46 1.36 1.48 1.83 1.49 0.21 0.00 0.00 0.00 0.00 
0.00 0.00 0.00 0.00 18.18 75.05 53.31 45.96 45.51 47.51 49.11 48.64 44.99 37.34 26.54 16.02 9.02 5.45 3.73 2.82 2.27 1.92 1.66 1.47 1.32 1.19 1.09 1.00 0.92 0.87 0.85 0.94 1.20 2.16 0.71 0.00 0.00 0.00 
0.00 0.00 0.00 6.77 68.07 42.65 37.41 37.60 36.57 38.66 39.92 39.46 36.39 30.10 21.37 12.95 7.35 4.47 3.06 2.32 1.87 1.57 1.36 1.21 1.08 0.98 0.89 0.82 0.76 0.71 0.68 0.75 0.84 1.21 2.79 0.40 0.00 0.00 
0.00 0.00 0.00 53.48 41.29 32.83 30.40 32.50 32.81 34.52 35.84 35.70 33.26 27.87 19.95 11.99 6.65 3.96 2.70 2.03 1.64 1.39 1.20 1.07 0.96 0.87 0.79 0.73 0.67 0.63 0.61 0.65 0.71 0.93 1.73 3.53 0.00 0.00 
0.00 0.00 0.00 65.64 33.67 30.35 30.37 29.14 30.08 29.54 30.83 30.51 28.07 23.22 16.58 10.16 5.84 3.59 2.48 1.88 1.52 1.28 1.11 0.98 0.88 0.79 0.72 0.66 0.60 0.55 0.56 0.59 0.69 0.89 1.41 4.62 0.00 0.00 
0.00 0.00 17.04 49.65 30.78 27.20 27.99 27.19 29.46 29.97 30.06 29.67 27.74 23.56 17.18 10.43 5.72 3.34 2.24 1.68 1.36 1.15 1.00 0.89 0.80 0.73 0.67 0.62 0.58 0.57 0.57 0.55 0.65 0.79 1.28 3.56 2.37 0.00 
0.00 0.00 21.21 44.93 30.43 27.40 27.30 24.56 29.97 29.55 29.71 29.30 27.36 23.20 16.91 10.29 5.66 3.32 2.23 1.68 1.35 1.14 1.00 0.88 0.80 0.72 0.66 0.61 0.58 0.57 0.58 0.50 0.64 0.79 1.27 3.16 3.35 0.00 
0.00 0.00 17.04 49.56 30.75 27.14 27.95 27.15 29.45 29.96 30.06 29.67 27.74 23.56 17.18 10.43 5.72 3.34 2.24 1.68 1.36 1.15 1.00 0.89 0.80 0.73 0.67 0.62 0.58 0.57 0.46 0.55 0.65 0.79 1.29 3.36 2.34 0.00 
0.00 0.00 0.00 65.51 34.40 30.22 30.28 29.06 30.03 29.51 30.81 30.50 28.07 23.22 16.58 10.16 5.84 3.59 2.48 1.88 1.52 1.28 1.11 0.98 0.88 0.79 0.72 0.66 0.60 0.55 0.57 0.59 0.59 0.87 1.29 4.70 0.00 0.00 
0.00 0.00 0.00 53.97 41.04 32.69 31.16 32.38 32.73 34.47 35.81 35.69 33.25 27.87 19.95 11.99 6.65 3.96 2.70 2.03 1.64 1.39 1.20 1.07 0.96 0.87 0.79 0.73 0.67 0.63 0.62 0.56 0.72 0.95 1.63 3.66 0.00 0.00 
0.00 0.00 0.00 6.74 67.73 42.45 37.28 37.46 36.47 38.59 39.88 39.44 36.38 30.10 21.37 12.95 7.35 4.47 3.06 2.32 1.87 1.57 1.36 1.21 1.08 0.98 0.89 0.82 0.76 0.71 0.69 0.74 0.86 1.21 2.88 0.42 0.00 0.00 
0.00 0.00 0.00 0.00 18.92 74.65 53.09 46.81 45.36 47.41 49.05 48.61 44.97 37.34 26.54 16.02 9.02 5.45 3.73 2.82 2.27 1.91 1.66 1.47 1.32 1.19 1.09 1.00 0.93 0.87 0.86 0.85 1.12 2.21 0.73 0.00 0.00 0.00 
0.00 0.00 0.00 0.00 0.00 7.97 64.90 91.07 79.16 74.18 77.11 76.59 70.99 59.14 42.25 25.58 14.39 8.69 5.95 4.49 3.63 3.06 2.65 2.35 2.11 1.91 1.74 1.59 1.47 1.38 1.39 1.86 1.51 0.22 0.00 0.00 0.00 0.00 
0.00 0.00 0.00 0.00 0.00 0.00 0.00 0.00 32.89 44.72 44.90 44.31 41.43 35.16 25.64 15.58 8.55 5.00 3.36 2.52 2.04 1.72 1.50 1.33 1.20 1.09 1.00 0.92 0.87 0.86 0.65 0.00 0.00 0.00 0.00 0.00 0.00 0.00 
0.00 0.00 0.00 0.00 0.00 0.00 0.00 0.00 0.00 0.00 0.00 0.00 0.00 0.00 0.00 0.00 0.00 0.00 0.00 0.00 0.00 0.00 0.00 0.00 0.00 0.00 0.00 0.00 0.00 0.00 0.00 0.00 0.00 0.00 0.00 0.00 0.00 0.00 
