0.00 0.00 0.00 0.00 0.00 0.00 0.00 0.00 0.00 0.00 0.00 0.00 0.00 0.00 0.00 0.00 0.00 0.00 0.00 0.00 0.00 0.00 0.00 0.00 0.00 0.00 0.00 0.00 0.00 0.00 0.00 0.00 0.00 0.00 0.00 0.00 0.00 0.00 
0.00 0.00 0.00 0.00 0.00 0.00 0.00 0.00 0.00 0.00 0.00 0.00 0.00 0.00 0.00 0.00 0.00 0.00 0.00 0.00 0.00 0.00 0.00 0.00 0.00 0.00 0.00 0.00 0.00 0.00 0.00 0.00 0.00 0.00 0.00 0.00 0.00 0.00 
0.00 0.00 0.00 0.00 0.00 0.00 0.00 0.00 672.14 666.54 657.98 646.49 632.00 614.47 593.80 569.96 542.96 512.88 479.89 444.26 406.41 366.87 326.35 285.69 245.90 208.11 173.62 143.84 119.66 101.74 91.94 0.00 0.00 0.00 0.00 0.00 0.00 0.00 
0.00 0.00 0.00 0.00 0.00 691.71 1603.55 1595.08 2034.70 2016.93 1991.01 1956.79 1913.98 1862.27 1801.40 1731.21 1651.73 1563.19 1466.08 1361.21 1249.76 1133.30 1013.81 893.68 775.70 663.02 559.10 467.53 390.35 327.89 278.62 180.03 161.47 64.63 0.00 0.00 0.00 0.00 
0.00 0.00 0.00 0.00 1158.17 1615.01 2070.63 2519.00 2503.70 2481.02 2449.38 2408.05 2356.49 2294.27 2221.04 2136.62 2041.03 1934.57 1817.83 1691.81 1557.92 1418.02 1274.47 1130.08 988.10 852.09 725.87 613.13 516.02 434.79 367.77 312.03 219.36 147.01 98.36 0.00 0.00 0.00 
0.00 0.00 0.00 697.81 1622.24 2084.92 2542.09 2534.85 2971.66 2945.90 2909.10 2860.90 2800.74 2728.14 2642.71 2544.22 2432.72 2308.55 2172.43 2025.50 1869.43 1706.37 1539.03 1370.63 1204.82 1045.59 897.09 763.25 646.50 547.59 466.11 339.12 286.95 201.70 136.30 55.75 0.00 0.00 
0.00 0.00 0.00 1626.43 2092.26 2556.68 3013.83 3004.79 2987.49 2961.40 2924.98 2877.46 2818.19 2746.66 2662.49 2565.45 2455.60 2333.29 2199.23 2054.57 1900.93 1740.42 1575.67 1409.76 1246.14 1088.54 940.74 806.20 687.05 583.70 494.95 417.73 355.55 259.23 183.19 127.50 0.00 0.00 
0.00 0.00 0.00 1627.53 2562.03 2566.15 3024.12 3015.87 2999.11 2973.50 2937.59 2890.68 2832.16 2761.51 2678.35 2582.50 2473.98 2353.17 2220.78 2077.95 1926.27 1767.82 1605.15 1441.23 1279.38 1123.09 975.84 840.79 719.84 613.33 520.00 439.23 372.00 272.14 231.61 128.27 0.00 0.00 
0.00 0.00 698.25 2096.02 2567.10 3033.31 3031.52 3022.95 3454.42 3425.62 3384.47 3330.36 3262.72 3180.98 3084.74 2973.78 2848.17 2708.31 2555.05 2389.71 2214.14 2030.76 1842.56 1653.01 1466.00 1285.67 1116.18 961.33 823.51 703.53 601.02 453.67 382.91 324.93 237.64 168.77 50.85 0.00 
0.00 0.00 697.92 2097.42 2568.78 3035.29 3033.88 3025.48 3456.74 3428.19 3387.22 3333.29 3265.83 3184.30 3088.30 2977.61 2852.30 2712.79 2559.91 2394.99 2219.88 2036.99 1849.28 1660.22 1473.68 1293.74 1124.50 969.69 831.67 711.27 608.02 459.41 387.21 328.38 240.20 170.81 50.57 0.00 
0.00 0.00 698.24 2095.92 2566.95 3033.17 3031.39 3022.85 3454.33 3425.56 3384.43 3330.34 3262.70 3180.97 3084.74 2973.79 2848.18 2708.33 2555.07 2389.73 2214.17 2030.80 1842.60 1653.07 1466.09 1285.80 1116.38 961.65 824.03 704.49 603.02 454.92 384.16 326.03 238.70 169.84 51.12 0.00 
0.00 0.00 0.00 1627.36 2561.69 2565.90 3023.85 3015.66 2998.95 2973.39 2937.51 2890.63 2832.13 2761.50 2678.36 2582.51 2474.01 2353.20 2220.82 2077.99 1926.32 1767.88 1605.23 1441.34 1279.53 1123.31 976.17 841.30 720.62 614.53 521.78 441.45 374.74 274.12 233.74 129.26 0.00 0.00 
0.00 0.00 0.00 1626.13 2091.96 2556.36 3013.41 3004.48 2987.26 2961.23 2924.87 2877.38 2818.15 2746.65 2662.49 2565.47 2455.63 2333.33 2199.28 2054.63 1901.00 1740.50 1575.77 1409.89 1246.33 1088.82 941.16 806.85 688.03 585.18 497.12 420.99 358.37 261.37 185.20 128.59 0.00 0.00 
0.00 0.00 0.00 697.71 1621.97 2084.61 2541.74 2534.53 2971.38 2945.70 2908.96 2860.81 2800.69 2728.12 2642.71 2544.24 2432.76 2308.60 2172.48 2025.57 1869.50 1706.46 1539.14 1370.76 1205.01 1045.87 897.53 763.94 647.58 549.21 468.44 341.91 289.49 203.50 137.46 56.13 0.00 0.00 
0.00 0.00 0.00 0.00 1157.86 1614.72 2070.29 2518.55 2503.40 2480.82 2449.24 2407.96 2356.44 2294.25 2221.04 2136.64 2041.07 1934.61 1817.88 1691.87 1557.98 1418.09 1274.55 1130.18 988.24 852.31 726.23 613.72 516.99 436.34 370.16 315.35 222.05 148.38 99.17 0.00 0.00 0.00 
0.00 0.00 0.00 0.00 0.00 691.60 1603.20 1594.84 2034.48 2016.78 1990.90 1956.72 1913.94 1862.25 1801.40 1731.23 1651.76 1563.22 1466.11 1361.25 1249.80 1133.34 1013.85 893.73 775.78 663.16 559.34 467.96 391.13 329.27 281.19 181.79 163.10 65.14 0.00 0.00 0.00 0.00 
0.00 0.00 0.00 0.00 0.00 0.00 0.00 0.00 672.08 666.50 657.95 646.46 631.99 614.46 593.80 569.97 542.97 512.89 479.90 444.27 406.42 366.88 326.36 285.70 245.91 208.14 173.68 143.98 119.93 102.24 92.76 0.00 0.00 0.00 0.00 0.00 0.00 0.00 
0.00 0.00 0.00 0.00 0.00 0.00 0.00 0.00 0.00 0.00 0.00 0.00 0.00 0.00 0.00 0.00 0.00 0.00 0.00 0.00 0.00 0.00 0.00 0.00 0.00 0.00 0.00 0.00 0.00 0.00 0.00 0.00 0.00 0.00 0.00 0.00 0.00 0.00 
