0.00 0.00 0.00 0.00 0.00 0.00 0.00 0.00 0.00 0.00 0.00 0.00 0.00 0.00 0.00 0.00 0.00 0.00 0.00 0.00 0.00 0.00 0.00 0.00 0.00 0.00 0.00 0.00 0.00 0.00 0.00 0.00 0.00 0.00 0.00 0.00 0.00 0.00 
0.00 0.00 0.00 0.00 0.00 0.00 0.00 0.00 0.00 0.00 0.00 0.00 0.00 0.00 0.00 0.00 0.00 0.00 0.00 0.00 0.00 0.00 0.00 0.00 0.00 0.00 0.00 0.00 0.00 0.00 0.00 0.00 0.00 0.00 0.00 0.00 0.00 0.00 
0.00 0.00 0.00 0.00 0.00 0.00 0.00 0.00 4.87 5.25 6.07 7.47 10.16 16.13 30.71 62.57 110.45 157.38 195.46 226.30 252.37 275.25 295.84 314.66 331.98 347.92 362.47 375.44 386.61 395.54 401.03 0.00 0.00 0.00 0.00 0.00 0.00 0.00 
0.00 0.00 0.00 0.00 0.00 4.23 10.08 10.84 16.12 19.34 23.92 31.43 45.10 72.28 127.28 223.94 349.14 470.65 575.42 664.98 743.12 812.74 875.77 933.39 986.34 1034.96 1079.30 1119.10 1154.13 1184.17 1209.21 961.37 973.39 421.28 0.00 0.00 0.00 0.00 
0.00 0.00 0.00 0.00 6.85 9.93 14.61 20.63 25.13 31.39 40.45 54.46 77.49 117.43 187.34 297.31 433.86 569.34 691.12 798.62 894.19 980.14 1058.20 1129.60 1195.10 1255.12 1309.80 1358.99 1402.61 1440.68 1473.59 1502.35 1250.02 986.83 710.46 0.00 0.00 0.00 
0.00 0.00 0.00 4.07 9.71 14.36 20.52 25.42 35.50 45.13 59.01 79.75 111.94 163.66 246.96 369.81 518.99 669.13 807.52 932.24 1044.66 1146.56 1239.48 1324.58 1402.63 1474.11 1539.19 1597.81 1649.91 1695.44 1734.19 1497.61 1523.88 1266.18 997.09 430.01 0.00 0.00 
0.00 0.00 0.00 9.47 13.44 19.16 26.65 33.21 42.38 54.91 72.49 97.71 134.57 189.37 271.17 386.57 525.43 666.51 798.97 920.65 1031.96 1133.83 1227.23 1312.96 1391.64 1463.69 1529.31 1588.54 1641.48 1688.34 1729.65 1766.71 1797.36 1544.74 1280.64 1005.42 0.00 0.00 
0.00 0.00 0.00 9.62 17.22 20.95 29.37 37.18 47.89 62.65 83.02 111.59 152.02 209.67 291.42 401.29 530.89 664.23 792.03 911.42 1021.88 1123.71 1217.44 1303.64 1382.81 1455.31 1521.34 1581.02 1634.54 1682.24 1724.78 1762.59 1794.67 1542.58 1562.82 1006.25 0.00 0.00 
0.00 0.00 4.01 12.69 17.96 24.99 31.22 39.78 55.10 71.95 95.04 127.10 172.01 235.51 325.91 451.38 605.69 765.53 916.44 1055.51 1183.16 1300.38 1408.13 1507.21 1598.22 1681.59 1757.51 1826.02 1887.16 1940.98 1987.57 1759.74 1793.19 1821.29 1562.00 1292.61 435.26 0.00 
0.00 0.00 4.01 12.88 18.24 25.41 31.85 40.72 56.58 73.93 97.69 130.55 176.28 240.29 330.39 454.28 606.37 764.54 914.58 1053.28 1180.84 1298.09 1405.93 1505.12 1596.24 1679.69 1755.67 1824.23 1885.42 1939.30 1986.03 1758.57 1792.45 1820.59 1561.52 1292.12 435.49 0.00 
0.00 0.00 4.01 12.69 17.97 24.99 31.22 39.78 55.10 71.94 95.02 127.07 171.97 235.44 325.81 451.25 605.57 765.45 916.41 1055.51 1183.20 1300.45 1408.22 1507.31 1598.34 1681.70 1757.61 1826.09 1887.17 1940.87 1987.18 1759.49 1792.90 1821.00 1561.66 1292.20 435.15 0.00 
0.00 0.00 0.00 9.62 17.21 20.96 29.37 37.18 47.89 62.63 82.99 111.53 151.93 209.53 291.22 401.03 530.65 664.07 791.96 911.43 1021.97 1123.85 1217.62 1303.85 1383.04 1455.53 1521.54 1581.18 1634.61 1682.18 1724.53 1762.17 1794.01 1542.06 1562.16 1005.93 0.00 0.00 
0.00 0.00 0.00 9.47 13.45 19.17 26.64 33.21 42.38 54.89 72.45 97.64 134.45 189.16 270.85 386.16 525.04 666.26 798.86 920.68 1032.09 1134.05 1227.50 1313.28 1391.99 1464.04 1529.63 1588.81 1641.64 1688.35 1729.42 1766.10 1796.80 1544.26 1280.07 1005.11 0.00 0.00 
0.00 0.00 0.00 4.07 9.72 14.37 20.53 25.42 35.50 45.11 58.97 79.68 111.79 163.39 246.51 369.22 518.45 668.78 807.38 932.29 1044.85 1146.86 1239.86 1325.01 1403.09 1474.57 1539.63 1598.19 1650.18 1695.53 1734.05 1497.20 1523.47 1265.86 996.87 429.94 0.00 0.00 
0.00 0.00 0.00 0.00 6.84 9.94 14.62 20.62 25.12 31.38 40.42 54.40 77.36 117.15 186.84 296.62 433.22 568.94 690.97 798.68 894.41 980.47 1058.62 1130.07 1195.60 1255.64 1310.30 1359.43 1402.94 1440.83 1473.46 1501.89 1249.58 986.67 710.36 0.00 0.00 0.00 
0.00 0.00 0.00 0.00 0.00 4.23 10.07 10.84 16.13 19.34 23.91 31.39 45.00 72.04 126.77 223.17 348.42 470.22 575.28 665.06 743.36 813.09 876.19 933.87 986.85 1035.48 1079.81 1119.56 1154.49 1184.35 1209.04 961.24 973.25 421.27 0.00 0.00 0.00 0.00 
0.00 0.00 0.00 0.00 0.00 0.00 0.00 0.00 4.87 5.25 6.06 7.46 10.13 16.06 30.53 62.22 110.08 157.17 195.40 226.34 252.48 275.40 296.02 314.86 332.19 348.14 362.68 375.64 386.77 395.63 401.03 0.00 0.00 0.00 0.00 0.00 0.00 0.00 
0.00 0.00 0.00 0.00 0.00 0.00 0.00 0.00 0.00 0.00 0.00 0.00 0.00 0.00 0.00 0.00 0.00 0.00 0.00 0.00 0.00 0.00 0.00 0.00 0.00 0.00 0.00 0.00 0.00 0.00 0.00 0.00 0.00 0.00 0.00 0.00 0.00 0.00 
