0.00 0.00 0.00 0.00 0.00 0.00 0.00 0.00 0.00 0.00 0.00 0.00 0.00 0.00 0.00 0.00 0.00 0.00 0.00 0.00 0.00 0.00 0.00 0.00 0.00 0.00 0.00 0.00 0.00 0.00 0.00 0.00 0.00 0.00 0.00 0.00 0.00 0.00 
0.00 0.00 0.00 0.00 0.00 0.00 0.00 0.00 0.00 0.00 0.00 0.00 0.00 0.00 0.00 0.00 0.00 0.00 0.00 0.00 0.00 0.00 0.00 0.00 0.00 0.00 0.00 0.00 0.00 0.00 0.00 0.00 0.00 0.00 0.00 0.00 0.00 0.00 
0.00 0.00 0.00 0.00 0.00 0.00 0.00 0.00 271.20 262.42 250.02 235.98 221.04 205.43 189.15 172.03 153.76 133.90 112.02 88.19 64.08 43.29 28.75 20.20 15.61 13.18 11.89 11.23 10.91 10.76 10.74 0.00 0.00 0.00 0.00 0.00 0.00 0.00 
0.00 0.00 0.00 0.00 0.00 321.04 715.81 687.79 833.54 793.94 751.53 707.01 660.82 613.07 563.55 511.83 457.22 398.86 336.10 269.53 202.91 143.91 99.66 71.10 54.23 44.56 39.05 35.95 34.25 33.37 32.89 25.61 25.71 11.14 0.00 0.00 0.00 0.00 
0.00 0.00 0.00 0.00 574.65 767.03 931.45 1079.18 1026.19 973.12 918.71 862.77 805.26 746.08 684.94 621.38 554.77 484.51 410.36 333.43 257.68 190.21 137.66 101.37 78.04 63.45 54.37 48.74 45.29 43.20 41.95 41.23 33.64 26.18 18.83 0.00 0.00 0.00 
0.00 0.00 0.00 379.90 827.03 999.88 1149.20 1091.01 1214.98 1151.68 1086.00 1018.64 949.71 879.04 806.29 730.99 652.60 570.69 485.35 398.05 312.93 236.89 176.28 132.65 103.11 83.60 70.82 62.49 57.09 53.63 51.41 42.84 41.98 34.19 26.54 11.46 0.00 0.00 
0.00 0.00 0.00 911.61 1086.16 1236.47 1367.92 1296.90 1225.06 1155.94 1087.21 1018.00 947.85 876.34 803.11 727.73 649.87 569.34 486.47 402.73 321.72 249.21 190.41 146.56 115.37 93.65 78.68 68.44 61.50 56.85 53.74 51.69 50.38 42.30 34.46 26.84 0.00 0.00 
0.00 0.00 0.00 942.30 1337.68 1257.21 1383.43 1306.59 1231.28 1158.95 1088.10 1017.50 946.40 874.25 800.63 725.22 647.78 568.35 487.45 406.61 328.97 259.28 201.74 157.51 124.96 101.53 84.88 73.18 65.04 59.43 55.59 53.02 51.31 42.91 42.32 26.96 0.00 0.00 
0.00 0.00 538.60 1237.45 1364.49 1484.85 1396.01 1313.26 1414.37 1334.84 1254.90 1174.30 1092.72 1009.76 925.01 838.09 748.64 656.56 562.29 467.57 376.50 295.40 229.43 179.36 142.72 116.34 97.54 84.26 74.98 68.52 64.04 53.89 51.96 50.71 42.57 34.72 11.73 0.00 
0.00 0.00 546.03 1248.62 1373.33 1490.27 1400.10 1315.60 1415.47 1335.27 1254.97 1174.14 1092.38 1009.28 924.45 837.50 748.13 656.27 562.42 468.37 378.13 297.77 232.18 182.07 145.12 118.33 99.11 85.47 75.88 69.18 64.53 54.20 52.17 50.83 42.65 34.77 11.74 0.00 
0.00 0.00 538.68 1237.77 1364.80 1485.06 1396.16 1313.36 1414.44 1334.89 1254.94 1174.33 1092.74 1009.78 925.03 838.11 748.66 656.58 562.31 467.59 376.52 295.41 229.43 179.36 142.71 116.33 97.53 84.25 74.96 68.52 64.08 53.88 51.94 50.68 42.54 34.70 11.73 0.00 
0.00 0.00 0.00 942.87 1338.28 1257.57 1383.70 1306.77 1231.41 1159.05 1088.17 1017.56 946.45 874.29 800.67 725.26 647.82 568.39 487.49 406.65 329.00 259.30 201.75 157.51 124.96 101.52 84.86 73.15 65.01 59.40 55.56 52.99 51.28 42.86 42.26 26.90 0.00 0.00 
0.00 0.00 0.00 912.39 1086.70 1236.88 1368.27 1297.15 1225.23 1156.07 1087.31 1018.08 947.92 876.41 803.17 727.79 649.93 569.40 486.53 402.79 321.77 249.25 190.43 146.56 115.36 93.63 78.65 68.40 61.45 56.79 53.68 51.65 50.31 42.21 34.38 26.76 0.00 0.00 
0.00 0.00 0.00 380.04 827.41 1000.22 1149.51 1091.25 1215.18 1151.83 1086.12 1018.74 949.80 879.12 806.37 731.07 652.68 570.78 485.43 398.13 313.00 236.94 176.31 132.66 103.09 83.57 70.78 62.43 57.02 53.55 51.33 42.78 41.89 34.10 26.44 11.42 0.00 0.00 
0.00 0.00 0.00 0.00 574.98 767.31 931.72 1079.45 1026.38 973.26 918.83 862.86 805.34 746.16 685.02 621.45 554.85 484.59 410.45 333.52 257.76 190.27 137.69 101.37 78.03 63.42 54.32 48.68 45.22 43.12 41.87 41.17 33.56 26.08 18.75 0.00 0.00 0.00 
0.00 0.00 0.00 0.00 0.00 321.13 716.02 687.95 833.69 794.06 751.63 707.10 660.90 613.14 563.62 511.91 457.29 398.94 336.19 269.63 203.00 143.97 99.69 71.11 54.21 44.53 39.01 35.89 34.18 33.29 32.84 25.53 25.62 11.10 0.00 0.00 0.00 0.00 
0.00 0.00 0.00 0.00 0.00 0.00 0.00 0.00 271.24 262.46 250.05 236.01 221.07 205.46 189.18 172.05 153.79 133.94 112.06 88.24 64.12 43.32 28.76 20.21 15.60 13.17 11.88 11.21 10.88 10.74 10.72 0.00 0.00 0.00 0.00 0.00 0.00 0.00 
0.00 0.00 0.00 0.00 0.00 0.00 0.00 0.00 0.00 0.00 0.00 0.00 0.00 0.00 0.00 0.00 0.00 0.00 0.00 0.00 0.00 0.00 0.00 0.00 0.00 0.00 0.00 0.00 0.00 0.00 0.00 0.00 0.00 0.00 0.00 0.00 0.00 0.00 
