0.00 0.00 0.00 0.00 0.00 0.00 0.00 0.00 0.00 0.00 0.00 0.00 0.00 0.00 0.00 0.00 0.00 0.00 0.00 0.00 0.00 0.00 0.00 0.00 0.00 0.00 0.00 0.00 0.00 0.00 0.00 0.00 0.00 0.00 0.00 0.00 0.00 0.00 
0.00 0.00 0.00 0.00 0.00 0.00 0.00 0.00 0.00 0.00 0.00 0.00 0.00 0.00 0.00 0.00 0.00 0.00 0.00 0.00 0.00 0.00 0.00 0.00 0.00 0.00 0.00 0.00 0.00 0.00 0.00 0.00 0.00 0.00 0.00 0.00 0.00 0.00 
0.00 0.00 0.00 0.00 0.00 0.00 0.00 0.00 5.37 5.57 5.97 6.56 7.46 8.90 11.37 16.02 25.46 44.44 77.16 119.80 162.49 200.17 232.84 261.67 287.58 311.08 332.35 351.24 367.48 380.43 388.38 0.00 0.00 0.00 0.00 0.00 0.00 0.00 
0.00 0.00 0.00 0.00 0.00 4.95 11.71 12.11 16.65 18.10 20.04 22.83 27.04 33.70 44.82 64.46 100.25 162.77 257.17 371.64 486.60 592.00 686.66 772.05 849.67 920.47 984.80 1042.48 1093.26 1136.88 1173.38 943.15 960.66 417.61 0.00 0.00 0.00 0.00 
0.00 0.00 0.00 0.00 8.12 11.56 15.74 20.54 22.55 25.25 28.94 34.21 41.93 53.59 71.81 101.23 149.47 225.82 333.47 461.11 591.30 714.04 826.85 930.07 1024.61 1111.14 1189.95 1260.91 1323.94 1379.11 1426.99 1469.05 1232.48 980.09 708.13 0.00 0.00 0.00 
0.00 0.00 0.00 4.84 11.41 15.54 20.37 22.54 29.08 33.17 38.85 46.88 58.45 75.41 100.82 139.70 199.56 288.81 409.65 551.14 696.84 836.56 966.90 1087.42 1198.51 1300.57 1393.75 1477.93 1552.98 1618.79 1675.09 1461.32 1499.99 1255.82 994.98 430.27 0.00 0.00 
0.00 0.00 0.00 11.27 15.08 19.69 25.10 27.99 31.97 37.30 44.61 54.82 69.20 89.67 119.05 161.55 223.09 310.18 424.68 557.78 695.71 829.74 956.51 1075.02 1185.09 1286.72 1379.88 1464.42 1540.35 1607.91 1667.81 1721.89 1766.92 1530.27 1276.93 1007.15 0.00 0.00 
0.00 0.00 0.00 11.33 18.79 20.46 26.26 29.68 34.33 40.64 49.25 61.15 77.71 100.84 133.24 178.62 241.86 327.80 437.32 563.28 694.79 824.29 948.26 1065.17 1174.41 1275.66 1368.75 1453.51 1530.00 1598.60 1660.20 1715.33 1762.43 1526.57 1556.84 1008.33 0.00 0.00 
0.00 0.00 4.80 14.71 19.11 24.29 27.05 30.80 39.62 46.87 56.73 70.30 89.09 115.18 151.49 202.09 272.60 369.64 496.43 645.31 801.02 953.05 1097.34 1232.68 1358.76 1475.45 1582.60 1679.94 1767.32 1844.69 1912.07 1710.79 1759.87 1801.43 1555.31 1294.48 438.06 0.00 
0.00 0.00 4.80 14.80 19.23 24.47 27.32 31.21 40.26 47.73 57.91 71.90 91.23 117.97 154.98 206.20 276.99 373.57 499.02 646.17 800.46 951.57 1095.32 1230.37 1356.29 1472.90 1580.00 1677.32 1764.70 1842.11 1909.68 1708.90 1758.63 1800.25 1554.47 1293.64 438.42 0.00 
0.00 0.00 4.80 14.72 19.11 24.29 27.05 30.80 39.62 46.86 56.72 70.28 89.07 115.14 151.43 201.99 272.46 369.45 496.20 645.09 800.85 952.94 1097.28 1232.67 1358.79 1475.50 1582.64 1679.94 1767.24 1844.44 1911.37 1710.32 1759.34 1800.90 1554.73 1293.79 437.87 0.00 
0.00 0.00 0.00 11.33 18.79 20.47 26.26 29.69 34.33 40.64 49.24 61.13 77.67 100.77 133.12 178.44 241.58 327.42 436.87 562.85 694.45 824.07 948.15 1065.16 1174.47 1275.76 1368.85 1453.57 1529.95 1598.36 1659.67 1714.52 1761.27 1525.63 1555.68 1007.74 0.00 0.00 
0.00 0.00 0.00 11.27 15.09 19.70 25.11 27.99 31.97 37.29 44.60 54.79 69.15 89.57 118.89 161.29 222.68 309.59 423.96 557.09 695.19 829.41 956.36 1075.02 1185.20 1286.90 1380.07 1464.56 1540.36 1607.70 1667.23 1720.74 1765.84 1529.34 1275.89 1006.57 0.00 0.00 
0.00 0.00 0.00 4.84 11.42 15.55 20.38 22.55 29.08 33.17 38.84 46.85 58.39 75.30 100.64 139.37 199.01 287.99 408.65 550.20 696.12 836.12 966.72 1087.45 1198.70 1300.85 1394.06 1478.19 1553.09 1618.65 1674.59 1460.45 1499.13 1255.13 994.49 430.11 0.00 0.00 
0.00 0.00 0.00 0.00 8.12 11.57 15.75 20.54 22.55 25.25 28.93 34.18 41.88 53.50 71.63 100.91 148.90 224.92 332.34 460.04 590.50 713.58 826.68 930.14 1024.85 1111.49 1190.33 1261.26 1324.15 1379.05 1426.51 1468.06 1231.56 979.66 707.86 0.00 0.00 0.00 
0.00 0.00 0.00 0.00 0.00 4.96 11.71 12.11 16.65 18.10 20.03 22.82 27.02 33.64 44.69 64.20 99.71 161.85 255.95 370.48 485.77 591.55 686.53 772.16 849.95 920.86 985.24 1042.89 1093.54 1136.90 1172.86 942.75 960.24 417.50 0.00 0.00 0.00 0.00 
0.00 0.00 0.00 0.00 0.00 0.00 0.00 0.00 5.37 5.57 5.97 6.56 7.46 8.88 11.34 15.95 25.28 44.08 76.61 119.25 162.11 199.98 232.79 261.73 287.71 311.26 332.55 351.43 367.62 380.48 388.28 0.00 0.00 0.00 0.00 0.00 0.00 0.00 
0.00 0.00 0.00 0.00 0.00 0.00 0.00 0.00 0.00 0.00 0.00 0.00 0.00 0.00 0.00 0.00 0.00 0.00 0.00 0.00 0.00 0.00 0.00 0.00 0.00 0.00 0.00 0.00 0.00 0.00 0.00 0.00 0.00 0.00 0.00 0.00 0.00 0.00 
