0.00 0.00 0.00 0.00 0.00 0.00 0.00 0.00 0.00 0.00 0.00 0.00 0.00 0.00 0.00 0.00 0.00 0.00 0.00 0.00 0.00 0.00 0.00 0.00 0.00 0.00 0.00 0.00 0.00 0.00 0.00 0.00 0.00 0.00 0.00 0.00 0.00 0.00 
0.00 0.00 0.00 0.00 0.00 0.00 0.00 0.00 0.00 0.00 0.00 0.00 0.00 0.00 0.00 0.00 0.00 0.00 0.00 0.00 0.00 0.00 0.00 0.00 0.00 0.00 0.00 0.00 0.00 0.00 0.00 0.00 0.00 0.00 0.00 0.00 0.00 0.00 
0.00 0.00 0.00 0.00 0.00 0.00 0.00 0.00 6.73 10.05 23.38 62.47 120.15 164.40 194.63 216.85 234.58 249.65 262.99 275.10 286.26 296.65 306.34 315.39 323.83 331.65 338.81 345.21 350.72 355.12 357.87 0.00 0.00 0.00 0.00 0.00 0.00 0.00 
0.00 0.00 0.00 0.00 0.00 3.95 9.94 13.15 29.67 55.17 114.79 232.56 369.96 480.83 565.49 632.57 688.20 736.11 778.56 816.89 851.96 884.32 914.31 942.16 967.99 991.83 1013.63 1033.22 1050.43 1065.15 1077.32 848.02 853.93 368.09 0.00 0.00 0.00 0.00 
0.00 0.00 0.00 0.00 6.00 9.59 19.56 36.16 58.84 98.61 174.66 303.13 448.37 572.64 673.47 756.49 826.69 887.58 941.53 990.10 1034.35 1074.97 1112.45 1147.09 1179.10 1208.54 1235.41 1259.60 1281.00 1299.61 1315.58 1329.41 1097.70 860.71 617.60 0.00 0.00 0.00 
0.00 0.00 0.00 3.51 8.89 18.40 34.13 54.53 91.32 143.12 232.94 372.10 527.64 665.67 781.86 880.03 964.31 1037.99 1103.42 1162.30 1215.81 1264.80 1309.86 1351.38 1389.63 1424.74 1456.73 1485.54 1511.08 1533.30 1552.08 1328.04 1340.42 1105.87 865.84 372.45 0.00 0.00 
0.00 0.00 0.00 8.08 14.96 28.40 48.90 75.02 113.29 169.07 255.36 382.99 526.27 655.92 768.27 865.69 950.84 1026.02 1093.09 1153.49 1208.31 1258.37 1304.28 1346.45 1385.19 1420.67 1452.96 1482.06 1507.99 1530.82 1550.79 1568.51 1582.98 1350.78 1112.95 869.93 0.00 0.00 
0.00 0.00 0.00 8.61 21.10 34.87 58.43 88.19 129.88 189.48 275.66 393.83 524.80 647.51 757.18 854.22 940.12 1016.49 1084.83 1146.41 1202.26 1253.17 1299.75 1342.45 1381.59 1417.36 1449.89 1479.22 1505.42 1528.63 1549.15 1567.21 1582.30 1350.29 1359.43 870.40 0.00 0.00 
0.00 0.00 3.31 12.21 23.78 41.76 64.73 96.46 146.52 211.30 304.12 438.87 600.21 749.44 878.76 991.03 1089.51 1176.78 1254.84 1325.25 1389.19 1447.55 1501.01 1550.07 1595.08 1636.23 1673.65 1707.33 1737.29 1763.52 1786.04 1566.28 1582.03 1595.05 1359.35 1118.76 374.95 0.00 
0.00 0.00 3.28 12.90 24.75 43.22 66.83 99.48 150.81 216.05 308.24 440.48 599.12 747.07 876.07 988.43 1087.15 1174.70 1253.05 1323.71 1387.87 1446.41 1500.02 1549.19 1594.27 1635.49 1672.95 1706.66 1736.64 1762.89 1785.47 1565.90 1581.84 1594.86 1359.25 1118.63 375.05 0.00 
0.00 0.00 3.31 12.22 23.78 41.77 64.73 96.46 146.52 211.30 304.11 438.85 600.20 749.45 878.79 991.08 1089.57 1176.84 1254.92 1325.33 1389.27 1447.63 1501.09 1550.15 1595.15 1636.31 1673.72 1707.39 1737.33 1763.51 1785.92 1566.22 1581.95 1594.97 1359.25 1118.63 374.91 0.00 
0.00 0.00 0.00 8.61 21.07 34.87 58.43 88.19 129.88 189.47 275.63 393.79 524.78 647.53 757.24 854.31 940.23 1016.62 1084.97 1146.56 1202.41 1253.32 1299.91 1342.61 1381.74 1417.51 1450.02 1479.34 1505.51 1528.68 1549.13 1567.11 1582.12 1350.16 1359.24 870.33 0.00 0.00 
0.00 0.00 0.00 8.07 14.96 28.41 48.86 75.01 113.28 169.05 255.31 382.91 526.23 655.95 768.36 865.83 951.02 1026.22 1093.31 1153.71 1208.54 1258.60 1304.51 1346.68 1385.42 1420.89 1453.16 1482.24 1508.14 1530.92 1550.80 1568.38 1582.88 1350.69 1112.82 869.88 0.00 0.00 
0.00 0.00 0.00 3.52 8.90 18.41 34.14 54.52 91.32 143.09 232.85 371.97 527.57 665.71 781.99 880.22 964.55 1038.25 1103.70 1162.59 1216.11 1265.10 1310.16 1351.68 1389.93 1425.03 1457.01 1485.79 1511.30 1533.46 1552.15 1328.00 1340.39 1105.86 865.84 372.46 0.00 0.00 
0.00 0.00 0.00 0.00 5.97 9.60 19.57 36.08 58.83 98.57 174.55 302.95 448.27 572.67 673.61 756.70 826.94 887.86 941.83 990.41 1034.66 1075.29 1112.77 1147.41 1179.41 1208.85 1235.71 1259.87 1281.24 1299.79 1315.66 1329.37 1097.65 860.75 617.63 0.00 0.00 0.00 
0.00 0.00 0.00 0.00 0.00 3.96 9.90 13.16 29.68 55.15 114.66 232.32 369.83 480.85 565.63 632.79 688.46 736.40 778.86 817.19 852.27 884.63 914.62 942.47 968.29 992.13 1013.93 1033.50 1050.68 1065.34 1077.38 848.08 853.99 368.13 0.00 0.00 0.00 0.00 
0.00 0.00 0.00 0.00 0.00 0.00 0.00 0.00 6.73 10.04 23.33 62.33 120.05 164.40 194.69 216.94 234.70 249.77 263.11 275.22 286.39 296.77 306.46 315.51 323.95 331.77 338.93 345.32 350.82 355.20 357.91 0.00 0.00 0.00 0.00 0.00 0.00 0.00 
0.00 0.00 0.00 0.00 0.00 0.00 0.00 0.00 0.00 0.00 0.00 0.00 0.00 0.00 0.00 0.00 0.00 0.00 0.00 0.00 0.00 0.00 0.00 0.00 0.00 0.00 0.00 0.00 0.00 0.00 0.00 0.00 0.00 0.00 0.00 0.00 0.00 0.00 
