0.00 0.00 0.00 0.00 0.00 0.00 0.00 0.00 0.00 0.00 0.00 0.00 0.00 0.00 0.00 0.00 0.00 0.00 0.00 0.00 0.00 0.00 0.00 0.00 0.00 0.00 0.00 0.00 0.00 0.00 0.00 0.00 0.00 0.00 0.00 0.00 0.00 0.00 
0.00 0.00 0.00 0.00 0.00 0.00 0.00 0.00 0.00 0.00 0.00 0.00 0.00 0.00 0.00 0.00 0.00 0.00 0.00 0.00 0.00 0.00 0.00 0.00 0.00 0.00 0.00 0.00 0.00 0.00 0.00 0.00 0.00 0.00 0.00 0.00 0.00 0.00 
0.00 0.00 0.00 0.00 0.00 0.00 0.00 0.00 27.79 27.87 28.15 28.64 29.37 30.39 31.71 33.38 35.42 37.86 40.72 44.00 47.70 51.81 56.30 61.13 66.26 71.63 77.18 82.82 88.39 93.53 97.09 0.00 0.00 0.00 0.00 0.00 0.00 0.00 
0.00 0.00 0.00 0.00 0.00 28.70 65.95 65.51 84.07 84.52 85.46 87.04 89.35 92.51 96.60 101.71 107.92 115.29 123.87 133.67 144.67 156.82 170.04 184.19 199.15 214.75 230.80 247.09 263.42 279.56 295.37 245.36 255.08 108.21 0.00 0.00 0.00 0.00 
0.00 0.00 0.00 0.00 49.24 67.60 85.72 104.03 104.11 104.74 106.03 108.11 111.09 115.09 120.21 126.55 134.21 143.24 153.69 165.57 178.84 193.43 209.23 226.07 243.77 262.09 280.78 299.54 318.05 335.99 353.15 369.65 311.93 243.49 147.64 0.00 0.00 0.00 
0.00 0.00 0.00 30.94 69.86 88.01 105.97 105.59 124.37 125.21 126.85 129.43 133.08 137.93 144.09 151.67 160.77 171.45 183.75 197.68 213.18 230.16 248.46 267.89 288.20 309.08 330.15 350.98 371.02 389.50 405.22 350.70 355.28 273.83 160.56 26.64 0.00 0.00 
0.00 0.00 0.00 73.19 91.04 108.62 126.28 125.76 125.95 126.88 128.64 131.36 135.15 140.13 146.41 154.07 163.21 173.89 186.12 199.91 215.18 231.84 249.71 268.57 288.13 308.04 327.86 347.04 364.91 380.61 393.01 400.72 397.40 302.47 167.41 37.55 0.00 0.00 
0.00 0.00 0.00 74.23 111.80 109.90 127.52 126.99 127.20 128.22 130.09 132.92 136.82 141.90 148.26 155.99 165.17 175.83 188.01 201.68 216.76 233.15 250.66 269.03 287.97 307.06 325.79 343.53 359.48 372.61 381.65 384.34 375.16 273.10 206.15 28.89 0.00 0.00 
0.00 0.00 35.50 96.05 112.87 129.84 128.41 127.81 146.61 147.78 149.92 153.16 157.64 163.47 170.78 179.66 190.22 202.50 216.54 232.31 249.73 268.66 288.90 310.16 332.07 354.16 375.82 396.28 414.50 429.03 437.79 373.47 361.19 327.67 188.85 50.00 5.89 0.00 
0.00 0.00 35.69 96.38 113.21 130.14 128.71 128.11 146.92 148.11 150.28 153.55 158.05 163.91 171.23 180.13 190.70 202.98 217.00 232.73 250.10 268.97 289.12 310.25 332.01 353.89 375.28 395.36 413.05 426.86 434.72 369.42 356.32 322.15 184.24 50.23 5.56 0.00 
0.00 0.00 35.51 96.06 112.88 129.85 128.42 127.81 146.62 147.78 149.92 153.17 157.64 163.47 170.77 179.66 190.21 202.49 216.53 232.29 249.70 268.63 288.86 310.11 332.00 354.07 375.70 396.11 414.25 428.63 437.07 372.77 360.34 326.91 188.40 50.66 6.07 0.00 
0.00 0.00 0.00 74.25 111.82 109.92 127.53 127.00 127.21 128.23 130.10 132.92 136.82 141.90 148.26 155.99 165.15 175.82 187.99 201.65 216.72 233.10 250.58 268.94 287.85 306.90 325.58 343.23 359.05 371.99 380.72 382.99 373.17 271.44 204.82 28.98 0.00 0.00 
0.00 0.00 0.00 73.23 91.07 108.65 126.29 125.77 125.96 126.88 128.65 131.37 135.16 140.13 146.40 154.06 163.20 173.87 186.09 199.86 215.12 231.76 249.61 268.44 287.96 307.82 327.57 346.65 364.36 379.82 391.82 398.84 395.21 300.04 164.28 36.66 0.00 0.00 
0.00 0.00 0.00 30.95 69.88 88.03 105.99 105.60 124.39 125.22 126.86 129.43 133.08 137.93 144.08 151.66 160.75 171.42 183.71 197.62 213.11 230.06 248.34 267.73 288.00 308.81 329.81 350.53 370.40 388.64 403.99 349.01 353.08 270.59 153.83 24.58 0.00 0.00 
0.00 0.00 0.00 0.00 49.25 67.62 85.74 104.04 104.12 104.75 106.04 108.11 111.09 115.08 120.20 126.54 134.19 143.21 153.65 165.51 178.77 193.33 209.10 225.91 243.57 261.84 280.46 299.12 317.49 335.23 352.04 367.92 309.81 241.03 143.14 0.00 0.00 0.00 
0.00 0.00 0.00 0.00 0.00 28.70 65.95 65.52 84.08 84.53 85.47 87.04 89.36 92.51 96.60 101.70 107.90 115.27 123.83 133.62 144.60 156.73 169.92 184.05 198.97 214.52 230.51 246.74 262.97 278.95 294.47 244.55 254.12 107.55 0.00 0.00 0.00 0.00 
0.00 0.00 0.00 0.00 0.00 0.00 0.00 0.00 27.80 27.87 28.15 28.64 29.37 30.39 31.71 33.38 35.42 37.85 40.70 43.98 47.68 51.78 56.26 61.08 66.19 71.55 77.08 82.69 88.24 93.33 96.83 0.00 0.00 0.00 0.00 0.00 0.00 0.00 
0.00 0.00 0.00 0.00 0.00 0.00 0.00 0.00 0.00 0.00 0.00 0.00 0.00 0.00 0.00 0.00 0.00 0.00 0.00 0.00 0.00 0.00 0.00 0.00 0.00 0.00 0.00 0.00 0.00 0.00 0.00 0.00 0.00 0.00 0.00 0.00 0.00 0.00 
