0.00 0.00 0.00 0.00 0.00 0.00 0.00 0.00 0.00 0.00 0.00 0.00 0.00 0.00 0.00 0.00 0.00 0.00 0.00 0.00 0.00 0.00 0.00 0.00 0.00 0.00 0.00 0.00 0.00 0.00 0.00 0.00 0.00 0.00 0.00 0.00 0.00 0.00 
0.00 0.00 0.00 0.00 0.00 0.00 0.00 0.00 0.00 0.00 0.00 0.00 0.00 0.00 0.00 0.00 0.00 0.00 0.00 0.00 0.00 0.00 0.00 0.00 0.00 0.00 0.00 0.00 0.00 0.00 0.00 0.00 0.00 0.00 0.00 0.00 0.00 0.00 
0.00 0.00 0.00 0.00 0.00 0.00 0.00 0.00 237.04 234.00 229.70 224.81 219.58 214.09 208.32 202.24 195.77 188.79 181.12 172.45 162.27 149.71 133.21 110.41 79.58 46.81 25.17 15.46 11.50 9.74 9.07 0.00 0.00 0.00 0.00 0.00 0.00 0.00 
0.00 0.00 0.00 0.00 0.00 254.00 581.32 571.73 717.87 704.29 689.59 674.00 657.65 640.53 622.54 603.50 583.12 561.01 536.57 508.94 476.76 437.91 389.11 325.98 245.94 159.96 95.09 59.91 43.02 34.55 29.65 20.91 20.00 8.57 0.00 0.00 0.00 0.00 
0.00 0.00 0.00 0.00 436.58 598.58 751.24 898.18 880.17 861.92 842.97 823.22 802.61 781.04 758.31 734.16 708.21 679.91 648.55 613.08 572.01 523.20 463.74 390.37 302.34 210.11 136.90 91.98 66.82 52.33 43.34 37.44 27.99 20.23 14.25 0.00 0.00 0.00 
0.00 0.00 0.00 273.35 618.47 774.14 921.88 902.35 1041.10 1019.29 996.31 972.37 947.41 921.27 893.69 864.32 832.67 798.10 759.76 716.49 666.73 608.39 538.86 455.66 359.11 259.64 178.46 124.89 92.13 71.78 58.60 43.68 37.65 28.10 20.28 8.66 0.00 0.00 
0.00 0.00 0.00 645.85 802.34 950.77 1092.72 1068.96 1044.60 1020.77 996.63 971.84 946.13 919.23 890.82 860.50 827.77 791.97 752.30 707.73 656.95 598.38 530.22 450.92 361.14 269.71 194.27 141.81 106.90 83.36 67.10 55.54 47.51 36.39 27.34 20.25 0.00 0.00 
0.00 0.00 0.00 654.54 983.27 957.26 1097.75 1072.19 1046.71 1021.78 996.82 971.38 945.07 917.56 888.48 857.40 823.80 787.04 746.34 700.76 649.21 590.47 523.34 447.13 363.18 278.84 207.44 155.03 118.24 92.33 73.77 60.50 50.98 38.70 34.36 20.55 0.00 0.00 
0.00 0.00 316.88 847.68 990.93 1130.61 1101.77 1074.36 1205.53 1178.12 1149.96 1120.91 1090.76 1059.19 1025.82 990.18 951.68 909.60 863.06 810.95 751.93 684.37 606.42 516.55 416.02 315.79 234.06 175.58 134.61 105.54 84.58 63.72 53.32 45.92 35.33 26.79 8.82 0.00 
0.00 0.00 318.81 850.55 993.40 1132.20 1103.04 1075.12 1205.90 1178.26 1149.96 1120.79 1090.52 1058.81 1025.29 989.48 950.78 908.48 861.70 809.35 750.11 682.44 604.62 515.35 416.15 317.70 237.14 178.82 137.44 107.81 86.38 64.91 54.14 46.45 35.68 27.03 8.82 0.00 
0.00 0.00 316.91 847.78 991.02 1130.67 1101.81 1074.39 1205.54 1178.13 1149.96 1120.91 1090.76 1059.19 1025.82 990.18 951.68 909.60 863.05 810.94 751.92 684.35 606.39 516.52 415.97 315.73 234.00 175.52 134.58 105.58 84.83 63.79 53.37 45.94 35.34 26.82 8.83 0.00 
0.00 0.00 0.00 654.72 983.46 957.37 1097.83 1072.23 1046.74 1021.79 996.84 971.38 945.07 917.56 888.48 857.40 823.79 787.03 746.32 700.74 649.18 590.42 523.28 447.06 363.09 278.72 207.31 154.91 118.15 92.29 73.81 60.58 51.11 38.74 34.40 20.51 0.00 0.00 
0.00 0.00 0.00 646.10 802.51 950.89 1092.82 1069.02 1044.63 1020.79 996.64 971.84 946.13 919.23 890.82 860.50 827.75 791.95 752.28 707.70 656.91 598.32 530.14 450.81 360.99 269.52 194.07 141.63 106.76 83.28 67.10 55.69 47.55 36.37 27.34 20.19 0.00 0.00 
0.00 0.00 0.00 273.39 618.59 774.23 921.96 902.41 1041.14 1019.31 996.33 972.37 947.41 921.27 893.69 864.31 832.65 798.08 759.73 716.45 666.68 608.31 538.76 455.52 358.92 259.39 178.18 124.64 91.93 71.65 58.55 43.74 37.64 28.04 20.19 8.62 0.00 0.00 
0.00 0.00 0.00 0.00 436.67 598.65 751.31 898.24 880.21 861.94 842.99 823.23 802.61 781.03 758.30 734.15 708.19 679.89 648.52 613.04 571.96 523.13 463.64 390.23 302.14 209.84 136.60 91.71 66.61 52.20 43.32 37.53 28.03 20.14 14.18 0.00 0.00 0.00 
0.00 0.00 0.00 0.00 0.00 254.02 581.37 571.76 717.89 704.31 689.60 674.01 657.65 640.52 622.53 603.49 583.11 560.98 536.54 508.90 476.70 437.84 389.03 325.85 245.75 159.67 94.78 59.64 42.80 34.43 29.74 20.87 19.93 8.52 0.00 0.00 0.00 0.00 
0.00 0.00 0.00 0.00 0.00 0.00 0.00 0.00 237.05 234.00 229.70 224.81 219.58 214.08 208.32 202.24 195.77 188.78 181.11 172.43 162.25 149.68 133.18 110.37 79.51 46.70 25.06 15.36 11.43 9.70 9.08 0.00 0.00 0.00 0.00 0.00 0.00 0.00 
0.00 0.00 0.00 0.00 0.00 0.00 0.00 0.00 0.00 0.00 0.00 0.00 0.00 0.00 0.00 0.00 0.00 0.00 0.00 0.00 0.00 0.00 0.00 0.00 0.00 0.00 0.00 0.00 0.00 0.00 0.00 0.00 0.00 0.00 0.00 0.00 0.00 0.00 
