0.00 0.00 0.00 0.00 0.00 0.00 0.00 0.00 0.00 0.00 0.00 0.00 0.00 0.00 0.00 0.00 0.00 0.00 0.00 0.00 0.00 0.00 0.00 0.00 0.00 0.00 0.00 0.00 0.00 0.00 0.00 0.00 0.00 0.00 0.00 0.00 0.00 0.00 0.00 0.00 0.00 0.00 0.00 0.00 0.00 0.00 0.00 0.00 0.00 0.00 0.00 0.00 0.00 0.00 0.00 0.00 0.00 0.00 0.00 0.00 0.00 0.00 0.00 0.00 0.00 0.00 0.00 0.00 0.00 0.00 0.00 0.00 0.00 0.00 0.00 0.00 0.00 0.00 0.00 0.00 0.00 0.00 0.00 
0.00 0.00 0.00 0.00 0.00 0.00 0.00 0.00 0.00 0.00 0.00 0.06 0.06 0.06 0.06 0.06 0.06 0.06 0.06 0.06 0.06 0.06 0.06 0.06 0.06 0.06 0.06 0.06 0.06 0.06 0.06 0.07 0.07 0.07 0.07 0.07 0.07 0.07 0.07 0.07 0.08 0.08 0.08 0.08 0.08 0.09 0.09 0.09 0.10 0.10 0.11 0.11 0.12 0.12 0.13 0.14 0.15 0.17 0.18 0.20 0.23 0.26 0.30 0.35 0.41 0.50 0.60 0.72 0.86 1.02 1.18 1.32 1.44 0.00 0.00 0.00 0.00 0.00 0.00 0.00 0.00 0.00 0.00 
0.00 0.00 0.00 0.00 0.00 0.00 0.00 0.15 0.22 0.11 0.13 0.12 0.12 0.12 0.11 0.11 0.11 0.11 0.11 0.11 0.11 0.11 0.12 0.12 0.12 0.12 0.12 0.12 0.12 0.12 0.13 0.13 0.13 0.13 0.13 0.13 0.14 0.14 0.14 0.15 0.15 0.15 0.16 0.16 0.16 0.17 0.17 0.18 0.19 0.20 0.21 0.22 0.23 0.24 0.26 0.28 0.30 0.33 0.36 0.40 0.44 0.50 0.58 0.68 0.80 0.96 1.16 1.40 1.67 1.98 2.30 2.62 3.09 4.08 5.87 7.08 2.89 0.00 0.00 0.00 0.00 0.00 0.00 
0.00 0.00 0.00 0.00 0.00 0.00 0.21 0.12 0.11 0.08 0.06 0.10 0.10 0.09 0.09 0.09 0.09 0.09 0.09 0.09 0.09 0.09 0.09 0.10 0.10 0.10 0.10 0.10 0.10 0.10 0.10 0.10 0.11 0.11 0.11 0.11 0.11 0.11 0.12 0.12 0.12 0.12 0.13 0.13 0.13 0.14 0.14 0.15 0.15 0.16 0.17 0.18 0.19 0.20 0.21 0.23 0.24 0.27 0.29 0.32 0.36 0.41 0.48 0.56 0.67 0.80 0.97 1.17 1.41 1.67 1.94 2.19 2.52 2.13 3.03 4.35 6.95 7.26 0.23 0.00 0.00 0.00 0.00 
0.00 0.00 0.00 0.00 0.21 0.13 0.13 0.07 0.08 0.06 0.08 0.08 0.08 0.08 0.07 0.07 0.07 0.07 0.07 0.07 0.07 0.08 0.08 0.08 0.08 0.08 0.08 0.08 0.08 0.08 0.08 0.08 0.08 0.09 0.09 0.09 0.09 0.09 0.09 0.09 0.10 0.10 0.10 0.10 0.11 0.11 0.11 0.12 0.12 0.13 0.13 0.14 0.15 0.16 0.17 0.18 0.20 0.21 0.23 0.26 0.29 0.33 0.39 0.45 0.54 0.65 0.79 0.95 1.15 1.36 1.58 1.79 2.08 2.49 2.15 3.16 3.63 5.76 8.67 0.30 0.00 0.00 0.00 
0.00 0.00 0.00 0.00 0.14 0.13 0.10 0.06 0.07 0.05 0.04 0.08 0.07 0.07 0.07 0.07 0.07 0.07 0.07 0.07 0.07 0.07 0.07 0.07 0.07 0.08 0.08 0.08 0.08 0.08 0.08 0.08 0.08 0.08 0.08 0.09 0.09 0.09 0.09 0.09 0.09 0.10 0.10 0.10 0.10 0.11 0.11 0.11 0.12 0.12 0.13 0.14 0.14 0.15 0.16 0.18 0.19 0.21 0.23 0.25 0.28 0.32 0.37 0.44 0.52 0.63 0.77 0.93 1.12 1.32 1.53 1.74 1.93 1.36 1.96 2.77 2.88 4.06 6.06 8.04 0.00 0.00 0.00 
0.00 0.00 0.00 0.27 0.15 0.11 0.10 0.06 0.08 0.06 0.05 0.04 0.04 0.04 0.04 0.04 0.04 0.04 0.04 0.04 0.04 0.04 0.04 0.04 0.04 0.04 0.04 0.04 0.04 0.05 0.05 0.05 0.05 0.05 0.05 0.05 0.05 0.05 0.05 0.05 0.05 0.05 0.06 0.06 0.06 0.06 0.06 0.07 0.07 0.07 0.07 0.08 0.08 0.09 0.09 0.10 0.11 0.12 0.13 0.15 0.16 0.19 0.22 0.26 0.31 0.38 0.46 0.56 0.67 0.79 0.92 1.04 1.23 1.62 2.20 2.54 2.80 3.41 4.42 8.23 4.19 0.00 0.00 
0.00 0.00 0.22 0.17 0.09 0.06 0.06 0.08 0.05 0.03 0.07 0.07 0.07 0.06 0.06 0.06 0.06 0.06 0.06 0.06 0.06 0.06 0.06 0.07 0.07 0.07 0.07 0.07 0.07 0.07 0.07 0.07 0.07 0.07 0.07 0.08 0.08 0.08 0.08 0.08 0.08 0.08 0.09 0.09 0.09 0.09 0.10 0.10 0.10 0.11 0.11 0.12 0.13 0.13 0.14 0.15 0.17 0.18 0.20 0.22 0.25 0.28 0.33 0.39 0.46 0.55 0.67 0.81 0.97 1.15 1.33 1.52 1.70 1.88 1.32 2.20 2.69 3.09 3.71 5.39 9.56 0.00 0.00 
0.00 0.00 0.34 0.16 0.10 0.09 0.09 0.05 0.07 0.07 0.05 0.04 0.04 0.04 0.04 0.04 0.04 0.04 0.04 0.04 0.04 0.04 0.04 0.04 0.04 0.04 0.04 0.04 0.04 0.05 0.05 0.05 0.05 0.05 0.05 0.05 0.05 0.05 0.05 0.05 0.05 0.06 0.06 0.06 0.06 0.06 0.06 0.07 0.07 0.07 0.07 0.08 0.08 0.09 0.09 0.10 0.11 0.12 0.13 0.15 0.17 0.19 0.22 0.26 0.31 0.38 0.46 0.55 0.66 0.79 0.91 1.04 1.26 1.72 2.03 2.27 2.48 2.87 3.46 4.59 9.62 2.31 0.00 
0.00 0.00 0.18 0.13 0.08 0.06 0.07 0.04 0.07 0.04 0.03 0.03 0.03 0.03 0.03 0.03 0.03 0.03 0.03 0.03 0.03 0.03 0.03 0.03 0.03 0.03 0.03 0.03 0.03 0.03 0.03 0.03 0.03 0.03 0.03 0.03 0.03 0.03 0.04 0.04 0.04 0.04 0.04 0.04 0.04 0.04 0.04 0.04 0.05 0.05 0.05 0.05 0.06 0.06 0.06 0.07 0.07 0.08 0.09 0.10 0.11 0.13 0.15 0.18 0.22 0.28 0.34 0.42 0.50 0.60 0.69 0.78 0.87 1.10 1.87 2.18 1.98 2.83 3.37 4.25 6.86 6.73 0.00 
0.00 0.00 0.23 0.11 0.12 0.05 0.06 0.08 0.05 0.03 0.03 0.03 0.03 0.03 0.03 0.03 0.03 0.03 0.03 0.03 0.03 0.03 0.03 0.03 0.03 0.03 0.03 0.03 0.03 0.03 0.03 0.03 0.03 0.03 0.03 0.03 0.03 0.03 0.03 0.04 0.04 0.04 0.04 0.04 0.04 0.04 0.04 0.04 0.05 0.05 0.05 0.05 0.06 0.06 0.06 0.07 0.07 0.08 0.09 0.10 0.11 0.13 0.15 0.18 0.22 0.27 0.34 0.41 0.50 0.59 0.69 0.78 0.86 0.95 1.50 2.16 2.42 2.73 3.08 4.04 6.23 8.30 0.00 
0.00 0.00 0.22 0.10 0.11 0.05 0.05 0.08 0.05 0.03 0.03 0.06 0.06 0.06 0.06 0.06 0.06 0.06 0.06 0.06 0.06 0.06 0.06 0.06 0.06 0.06 0.06 0.06 0.06 0.06 0.06 0.06 0.07 0.07 0.07 0.07 0.07 0.07 0.07 0.07 0.07 0.08 0.08 0.08 0.08 0.08 0.09 0.09 0.09 0.10 0.10 0.11 0.11 0.12 0.13 0.14 0.15 0.16 0.18 0.20 0.23 0.26 0.30 0.36 0.43 0.52 0.63 0.77 0.93 1.10 1.27 1.44 1.58 0.95 1.37 2.16 2.43 2.73 3.11 4.00 6.09 8.84 0.00 
0.00 0.00 0.24 0.11 0.12 0.05 0.06 0.08 0.05 0.03 0.03 0.06 0.06 0.06 0.06 0.06 0.06 0.06 0.06 0.06 0.06 0.06 0.06 0.06 0.06 0.06 0.06 0.06 0.06 0.06 0.06 0.06 0.07 0.07 0.07 0.07 0.07 0.07 0.07 0.07 0.07 0.08 0.08 0.08 0.08 0.09 0.09 0.09 0.09 0.10 0.10 0.11 0.11 0.12 0.13 0.14 0.15 0.17 0.18 0.20 0.23 0.26 0.30 0.36 0.43 0.52 0.64 0.78 0.94 1.11 1.28 1.45 1.59 0.96 1.51 2.18 2.44 2.76 3.16 4.08 6.28 8.39 0.00 
0.00 0.00 0.29 0.13 0.13 0.06 0.07 0.08 0.07 0.04 0.03 0.03 0.03 0.03 0.03 0.03 0.03 0.03 0.03 0.03 0.03 0.03 0.03 0.03 0.03 0.03 0.03 0.03 0.03 0.03 0.03 0.03 0.03 0.03 0.03 0.03 0.03 0.03 0.04 0.04 0.04 0.04 0.04 0.04 0.04 0.04 0.04 0.04 0.05 0.05 0.05 0.05 0.06 0.06 0.06 0.07 0.07 0.08 0.09 0.10 0.12 0.13 0.16 0.19 0.23 0.28 0.34 0.42 0.51 0.60 0.70 0.79 0.88 0.96 1.90 2.22 2.44 2.88 3.44 4.32 6.77 6.85 0.00 
0.00 0.00 0.39 0.17 0.11 0.09 0.09 0.05 0.07 0.06 0.05 0.04 0.04 0.04 0.04 0.04 0.04 0.04 0.04 0.04 0.04 0.04 0.04 0.04 0.04 0.04 0.04 0.04 0.04 0.04 0.05 0.05 0.05 0.05 0.05 0.05 0.05 0.05 0.05 0.05 0.05 0.05 0.06 0.06 0.06 0.06 0.06 0.07 0.07 0.07 0.07 0.08 0.08 0.09 0.09 0.10 0.11 0.12 0.13 0.15 0.16 0.19 0.22 0.26 0.31 0.38 0.46 0.56 0.68 0.80 0.93 1.06 1.29 1.78 2.08 2.10 2.54 2.94 3.55 4.43 9.89 2.36 0.00 
0.00 0.00 0.47 0.24 0.15 0.11 0.10 0.08 0.08 0.07 0.07 0.06 0.06 0.06 0.06 0.06 0.06 0.06 0.06 0.06 0.06 0.06 0.06 0.06 0.06 0.06 0.07 0.07 0.07 0.07 0.07 0.07 0.07 0.07 0.07 0.07 0.07 0.08 0.08 0.08 0.08 0.08 0.08 0.09 0.09 0.09 0.09 0.10 0.10 0.11 0.11 0.12 0.12 0.13 0.14 0.15 0.16 0.18 0.20 0.22 0.25 0.28 0.33 0.39 0.47 0.57 0.69 0.84 1.01 1.20 1.39 1.58 1.77 1.97 1.99 2.38 2.42 3.04 3.55 5.32 9.94 0.00 0.00 
0.00 0.00 0.19 0.37 0.16 0.11 0.10 0.09 0.08 0.06 0.07 0.07 0.07 0.07 0.07 0.07 0.07 0.07 0.07 0.07 0.07 0.07 0.07 0.07 0.07 0.07 0.07 0.07 0.07 0.07 0.07 0.07 0.08 0.08 0.08 0.08 0.08 0.08 0.08 0.08 0.09 0.09 0.09 0.09 0.10 0.10 0.10 0.11 0.11 0.11 0.12 0.13 0.13 0.14 0.15 0.16 0.18 0.19 0.21 0.24 0.27 0.30 0.35 0.42 0.50 0.61 0.75 0.91 1.10 1.30 1.51 1.71 1.89 2.05 2.29 2.31 2.93 3.49 4.22 8.63 4.39 0.00 0.00 
0.00 0.00 0.00 0.38 0.25 0.15 0.12 0.10 0.09 0.08 0.08 0.07 0.07 0.07 0.07 0.07 0.07 0.07 0.07 0.07 0.07 0.07 0.07 0.07 0.07 0.07 0.07 0.08 0.08 0.08 0.08 0.08 0.08 0.08 0.08 0.08 0.08 0.09 0.09 0.09 0.09 0.09 0.10 0.10 0.10 0.10 0.11 0.11 0.12 0.12 0.13 0.13 0.14 0.15 0.16 0.17 0.19 0.20 0.22 0.25 0.28 0.32 0.38 0.45 0.54 0.65 0.80 0.97 1.17 1.39 1.61 1.83 2.04 2.33 2.54 2.78 3.36 4.09 6.40 8.55 0.00 0.00 0.00 
0.00 0.00 0.00 0.01 0.36 0.22 0.15 0.11 0.10 0.09 0.08 0.08 0.08 0.08 0.08 0.08 0.08 0.08 0.08 0.08 0.08 0.08 0.08 0.08 0.08 0.08 0.08 0.08 0.08 0.08 0.08 0.09 0.09 0.09 0.09 0.09 0.09 0.09 0.10 0.10 0.10 0.10 0.10 0.11 0.11 0.11 0.12 0.12 0.13 0.13 0.14 0.14 0.15 0.16 0.17 0.19 0.20 0.22 0.24 0.27 0.31 0.35 0.41 0.49 0.59 0.71 0.87 1.06 1.28 1.51 1.75 1.99 2.23 2.65 2.95 3.11 3.89 6.13 9.35 0.32 0.00 0.00 0.00 
0.00 0.00 0.00 0.00 0.01 0.28 0.26 0.16 0.13 0.11 0.10 0.10 0.10 0.09 0.09 0.09 0.09 0.09 0.09 0.09 0.09 0.09 0.10 0.10 0.10 0.10 0.10 0.10 0.10 0.10 0.10 0.11 0.11 0.11 0.11 0.11 0.11 0.12 0.12 0.12 0.12 0.12 0.13 0.13 0.13 0.14 0.14 0.15 0.15 0.16 0.17 0.18 0.19 0.20 0.21 0.23 0.25 0.27 0.30 0.33 0.38 0.43 0.51 0.60 0.72 0.88 1.07 1.31 1.57 1.87 2.17 2.46 2.76 3.20 3.52 4.45 7.56 7.84 0.31 0.00 0.00 0.00 0.00 
0.00 0.00 0.00 0.00 0.00 0.00 0.12 0.26 0.25 0.17 0.15 0.14 0.14 0.13 0.13 0.13 0.13 0.13 0.13 0.13 0.13 0.14 0.14 0.14 0.14 0.14 0.14 0.14 0.14 0.15 0.15 0.15 0.15 0.15 0.16 0.16 0.16 0.16 0.17 0.17 0.17 0.18 0.18 0.19 0.19 0.20 0.20 0.21 0.22 0.23 0.24 0.25 0.27 0.28 0.30 0.33 0.35 0.39 0.43 0.48 0.54 0.62 0.73 0.86 1.04 1.27 1.55 1.89 2.28 2.71 3.14 3.56 4.05 4.75 7.42 7.89 3.68 0.00 0.00 0.00 0.00 0.00 0.00 
0.00 0.00 0.00 0.00 0.00 0.00 0.00 0.00 0.06 0.15 0.18 0.19 0.18 0.18 0.18 0.18 0.18 0.18 0.18 0.18 0.18 0.18 0.18 0.18 0.18 0.19 0.19 0.19 0.19 0.19 0.20 0.20 0.20 0.20 0.21 0.21 0.21 0.22 0.22 0.23 0.23 0.24 0.24 0.25 0.25 0.26 0.27 0.28 0.29 0.30 0.32 0.33 0.35 0.38 0.40 0.43 0.47 0.51 0.57 0.63 0.72 0.83 0.97 1.16 1.41 1.73 2.13 2.61 3.15 3.74 4.34 4.92 5.16 4.59 1.71 0.00 0.00 0.00 0.00 0.00 0.00 0.00 0.00 
0.00 0.00 0.00 0.00 0.00 0.00 0.00 0.00 0.00 0.00 0.00 0.00 0.00 0.00 0.00 0.00 0.00 0.00 0.00 0.00 0.00 0.00 0.00 0.00 0.00 0.00 0.00 0.00 0.00 0.00 0.00 0.00 0.00 0.00 0.00 0.00 0.00 0.00 0.00 0.00 0.00 0.00 0.00 0.00 0.00 0.00 0.00 0.00 0.00 0.00 0.00 0.00 0.00 0.00 0.00 0.00 0.00 0.00 0.00 0.00 0.00 0.00 0.00 0.00 0.00 0.00 0.00 0.00 0.00 0.00 0.00 0.00 0.00 0.00 0.00 0.00 0.00 0.00 0.00 0.00 0.00 0.00 0.00 
