0.00 0.00 0.00 0.00 0.00 0.00 0.00 0.00 0.00 0.00 0.00 0.00 0.00 0.00 0.00 0.00 0.00 0.00 0.00 0.00 0.00 0.00 0.00 0.00 0.00 0.00 0.00 0.00 0.00 0.00 0.00 0.00 0.00 0.00 0.00 0.00 0.00 0.00 0.00 0.00 0.00 0.00 0.00 0.00 0.00 0.00 0.00 0.00 0.00 0.00 0.00 0.00 0.00 0.00 0.00 0.00 0.00 0.00 0.00 0.00 0.00 0.00 0.00 0.00 0.00 0.00 0.00 0.00 0.00 0.00 0.00 0.00 0.00 0.00 0.00 0.00 0.00 0.00 0.00 0.00 0.00 0.00 0.00 0.00 0.00 0.00 0.00 0.00 0.00 0.00 0.00 0.00 0.00 0.00 0.00 0.00 0.00 0.00 0.00 0.00 0.00 0.00 0.00 0.00 
0.00 0.00 0.00 0.00 0.00 0.00 0.00 0.00 0.00 0.00 0.00 0.00 0.00 0.00 0.00 0.00 0.00 0.00 0.00 0.00 0.00 0.00 0.00 0.00 0.00 0.00 0.00 0.00 0.00 0.00 0.00 0.00 0.00 0.00 0.00 0.00 0.00 0.00 0.00 0.00 0.00 0.00 0.00 0.00 0.00 0.00 0.00 0.00 0.00 0.00 0.00 0.00 0.00 0.00 0.00 0.00 0.00 0.00 0.00 0.00 0.00 0.00 0.00 0.00 0.00 0.00 0.00 0.00 0.00 0.00 0.00 0.00 0.00 0.00 0.00 0.00 0.00 0.00 0.00 0.00 0.00 0.00 0.00 0.00 0.00 0.00 0.00 0.00 0.00 0.00 0.00 0.00 0.00 0.00 0.00 0.00 0.00 0.00 0.00 0.00 0.00 0.00 0.00 0.00 
0.00 0.00 0.00 0.00 0.00 0.00 0.00 0.00 0.00 0.13 0.34 0.38 0.37 0.34 0.33 0.32 0.31 0.31 0.32 0.32 0.33 0.34 0.36 0.37 0.39 0.41 0.43 0.46 0.48 0.50 0.53 0.56 0.58 0.61 0.64 0.67 0.69 0.72 0.75 0.77 0.80 0.83 0.86 0.88 0.91 0.93 0.96 0.98 1.00 1.03 1.05 1.07 1.08 1.10 1.12 1.14 1.15 1.16 1.18 1.19 1.20 1.21 1.22 1.23 1.23 1.24 1.24 1.25 1.25 1.26 1.26 1.26 1.26 1.26 1.26 1.26 1.26 1.26 1.26 1.26 1.25 1.25 1.25 1.24 1.24 1.23 1.23 1.23 1.22 1.22 1.21 1.20 1.20 1.13 0.93 0.32 0.00 0.00 0.00 0.00 0.00 0.00 0.00 0.00 
0.00 0.00 0.00 0.00 0.00 0.00 0.00 0.36 0.69 0.59 0.38 0.31 0.27 0.26 0.24 0.24 0.23 0.23 0.24 0.24 0.25 0.26 0.27 0.28 0.30 0.31 0.33 0.34 0.36 0.38 0.40 0.42 0.44 0.46 0.48 0.50 0.52 0.54 0.56 0.58 0.60 0.62 0.64 0.66 0.68 0.70 0.72 0.74 0.76 0.77 0.79 0.80 0.82 0.83 0.84 0.86 0.87 0.88 0.89 0.90 0.90 0.91 0.92 0.92 0.93 0.93 0.94 0.94 0.94 0.95 0.95 0.95 0.95 0.95 0.95 0.95 0.95 0.95 0.95 0.95 0.94 0.94 0.94 0.94 0.93 0.93 0.93 0.92 0.92 0.92 0.91 0.91 0.90 0.92 1.02 1.43 1.42 0.63 0.00 0.00 0.00 0.00 0.00 0.00 
0.00 0.00 0.00 0.00 0.00 0.03 0.92 0.74 0.41 0.31 0.25 0.21 0.19 0.18 0.17 0.17 0.16 0.16 0.17 0.17 0.17 0.18 0.19 0.20 0.21 0.22 0.23 0.24 0.25 0.27 0.28 0.29 0.31 0.32 0.34 0.35 0.37 0.38 0.39 0.41 0.42 0.44 0.45 0.47 0.48 0.49 0.50 0.52 0.53 0.54 0.55 0.56 0.57 0.58 0.59 0.60 0.61 0.61 0.62 0.63 0.63 0.64 0.64 0.65 0.65 0.65 0.66 0.66 0.66 0.66 0.66 0.67 0.67 0.67 0.67 0.67 0.67 0.67 0.66 0.66 0.66 0.66 0.66 0.66 0.65 0.65 0.65 0.65 0.64 0.64 0.64 0.64 0.63 0.64 0.67 0.73 0.86 1.31 1.29 0.05 0.00 0.00 0.00 0.00 
0.00 0.00 0.00 0.00 0.04 1.32 0.66 0.38 0.30 0.24 0.21 0.17 0.15 0.14 0.14 0.13 0.13 0.13 0.14 0.14 0.14 0.15 0.15 0.16 0.17 0.18 0.19 0.20 0.21 0.22 0.23 0.24 0.25 0.26 0.27 0.29 0.30 0.31 0.32 0.33 0.34 0.36 0.37 0.38 0.39 0.40 0.41 0.42 0.43 0.44 0.45 0.46 0.47 0.47 0.48 0.49 0.49 0.50 0.51 0.51 0.52 0.52 0.52 0.53 0.53 0.53 0.54 0.54 0.54 0.54 0.54 0.54 0.54 0.54 0.54 0.54 0.54 0.54 0.54 0.54 0.54 0.54 0.54 0.53 0.53 0.53 0.53 0.53 0.53 0.52 0.52 0.52 0.52 0.52 0.56 0.58 0.63 0.74 1.02 1.47 0.05 0.00 0.00 0.00 
0.00 0.00 0.00 0.00 1.60 0.86 0.42 0.29 0.26 0.21 0.18 0.16 0.14 0.13 0.13 0.12 0.12 0.12 0.12 0.13 0.13 0.14 0.14 0.15 0.15 0.16 0.17 0.18 0.19 0.20 0.21 0.22 0.23 0.24 0.25 0.26 0.27 0.28 0.29 0.30 0.32 0.33 0.34 0.35 0.36 0.37 0.38 0.39 0.39 0.40 0.41 0.42 0.43 0.43 0.44 0.45 0.45 0.46 0.46 0.47 0.47 0.48 0.48 0.48 0.49 0.49 0.49 0.49 0.49 0.49 0.50 0.50 0.50 0.50 0.50 0.50 0.50 0.50 0.50 0.49 0.49 0.49 0.49 0.49 0.49 0.49 0.48 0.48 0.48 0.48 0.48 0.47 0.47 0.48 0.49 0.50 0.54 0.60 0.71 1.02 1.28 0.00 0.00 0.00 
0.00 0.00 0.00 1.38 1.70 0.60 0.36 0.29 0.24 0.19 0.16 0.15 0.14 0.13 0.12 0.12 0.12 0.12 0.12 0.12 0.12 0.13 0.13 0.14 0.15 0.15 0.16 0.17 0.18 0.19 0.20 0.21 0.22 0.23 0.24 0.25 0.26 0.27 0.28 0.29 0.30 0.31 0.32 0.33 0.34 0.35 0.35 0.36 0.37 0.38 0.39 0.39 0.40 0.41 0.41 0.42 0.43 0.43 0.44 0.44 0.44 0.45 0.45 0.45 0.46 0.46 0.46 0.46 0.46 0.47 0.47 0.47 0.47 0.47 0.47 0.47 0.47 0.47 0.47 0.47 0.46 0.46 0.46 0.46 0.46 0.46 0.46 0.45 0.45 0.45 0.45 0.45 0.44 0.44 0.44 0.46 0.49 0.52 0.59 0.73 1.30 0.62 0.00 0.00 
0.00 0.00 0.00 3.36 1.10 0.56 0.37 0.28 0.20 0.18 0.16 0.14 0.13 0.12 0.11 0.11 0.11 0.11 0.11 0.11 0.11 0.12 0.12 0.13 0.13 0.14 0.15 0.16 0.17 0.17 0.18 0.19 0.20 0.21 0.22 0.23 0.24 0.25 0.26 0.27 0.28 0.29 0.29 0.30 0.31 0.32 0.33 0.34 0.35 0.35 0.36 0.37 0.37 0.38 0.39 0.39 0.40 0.40 0.41 0.41 0.41 0.42 0.42 0.42 0.42 0.43 0.43 0.43 0.43 0.43 0.43 0.43 0.43 0.43 0.43 0.43 0.43 0.43 0.43 0.43 0.43 0.43 0.43 0.43 0.43 0.43 0.42 0.42 0.42 0.42 0.42 0.42 0.41 0.41 0.42 0.44 0.44 0.49 0.54 0.63 0.85 1.41 0.00 0.00 
0.00 0.00 2.26 3.85 0.95 0.52 0.34 0.26 0.21 0.17 0.14 0.13 0.12 0.11 0.11 0.10 0.10 0.10 0.10 0.11 0.11 0.11 0.12 0.12 0.13 0.14 0.14 0.15 0.16 0.17 0.18 0.19 0.19 0.20 0.21 0.22 0.23 0.24 0.25 0.26 0.27 0.28 0.28 0.29 0.30 0.31 0.32 0.33 0.33 0.34 0.35 0.35 0.36 0.37 0.37 0.38 0.38 0.39 0.39 0.39 0.40 0.40 0.40 0.41 0.41 0.41 0.41 0.42 0.42 0.42 0.42 0.42 0.42 0.42 0.42 0.42 0.42 0.42 0.42 0.42 0.42 0.42 0.41 0.41 0.41 0.41 0.41 0.41 0.41 0.40 0.40 0.40 0.40 0.39 0.39 0.41 0.44 0.45 0.50 0.57 0.72 1.41 0.32 0.00 
0.00 0.00 7.86 2.70 0.89 0.51 0.34 0.25 0.21 0.16 0.15 0.13 0.12 0.11 0.10 0.10 0.10 0.10 0.10 0.10 0.11 0.11 0.11 0.12 0.13 0.13 0.14 0.15 0.15 0.16 0.17 0.18 0.19 0.20 0.20 0.21 0.22 0.23 0.24 0.25 0.26 0.27 0.27 0.28 0.29 0.30 0.31 0.31 0.32 0.33 0.33 0.34 0.35 0.35 0.36 0.36 0.37 0.37 0.38 0.38 0.38 0.39 0.39 0.39 0.39 0.40 0.40 0.40 0.40 0.40 0.40 0.40 0.40 0.40 0.40 0.40 0.40 0.40 0.40 0.40 0.40 0.40 0.40 0.40 0.40 0.40 0.39 0.39 0.39 0.39 0.39 0.39 0.38 0.38 0.40 0.39 0.42 0.44 0.49 0.55 0.66 1.00 0.91 0.00 
0.00 0.00 11.05 2.45 0.80 0.46 0.34 0.25 0.20 0.16 0.14 0.13 0.12 0.11 0.10 0.10 0.10 0.10 0.10 0.10 0.10 0.11 0.11 0.12 0.12 0.13 0.14 0.14 0.15 0.16 0.17 0.18 0.18 0.19 0.20 0.21 0.22 0.23 0.24 0.24 0.25 0.26 0.27 0.28 0.29 0.29 0.30 0.31 0.32 0.32 0.33 0.34 0.34 0.35 0.35 0.36 0.36 0.37 0.37 0.38 0.38 0.38 0.38 0.39 0.39 0.39 0.39 0.39 0.40 0.40 0.40 0.40 0.40 0.40 0.40 0.40 0.40 0.40 0.40 0.40 0.40 0.39 0.39 0.39 0.39 0.39 0.39 0.39 0.39 0.38 0.38 0.38 0.38 0.38 0.38 0.39 0.41 0.44 0.47 0.51 0.63 0.90 1.11 0.00 
0.00 0.00 12.42 2.43 0.79 0.47 0.34 0.25 0.20 0.16 0.14 0.13 0.12 0.11 0.10 0.10 0.10 0.10 0.10 0.10 0.10 0.11 0.11 0.12 0.12 0.13 0.14 0.14 0.15 0.16 0.17 0.17 0.18 0.19 0.20 0.21 0.22 0.23 0.23 0.24 0.25 0.26 0.27 0.28 0.28 0.29 0.30 0.31 0.32 0.32 0.33 0.33 0.34 0.35 0.35 0.36 0.36 0.37 0.37 0.37 0.38 0.38 0.38 0.39 0.39 0.39 0.39 0.39 0.39 0.39 0.40 0.40 0.40 0.40 0.40 0.40 0.40 0.40 0.40 0.39 0.39 0.39 0.39 0.39 0.39 0.39 0.39 0.39 0.38 0.38 0.38 0.38 0.38 0.38 0.38 0.39 0.41 0.44 0.46 0.50 0.62 0.88 1.17 0.00 
0.00 0.00 11.47 2.51 0.82 0.48 0.34 0.25 0.20 0.16 0.14 0.13 0.12 0.11 0.10 0.10 0.10 0.10 0.10 0.10 0.10 0.11 0.11 0.12 0.12 0.13 0.14 0.14 0.15 0.16 0.17 0.18 0.18 0.19 0.20 0.21 0.22 0.23 0.24 0.24 0.25 0.26 0.27 0.28 0.29 0.29 0.30 0.31 0.32 0.32 0.33 0.34 0.34 0.35 0.35 0.36 0.36 0.37 0.37 0.38 0.38 0.38 0.38 0.39 0.39 0.39 0.39 0.39 0.40 0.40 0.40 0.40 0.40 0.40 0.40 0.40 0.40 0.40 0.40 0.40 0.40 0.39 0.39 0.39 0.39 0.39 0.39 0.39 0.39 0.38 0.38 0.38 0.38 0.38 0.38 0.39 0.41 0.44 0.47 0.51 0.63 0.90 1.11 0.00 
0.00 0.00 8.49 2.84 0.91 0.51 0.34 0.25 0.21 0.16 0.15 0.13 0.12 0.11 0.10 0.10 0.10 0.10 0.10 0.10 0.11 0.11 0.11 0.12 0.13 0.13 0.14 0.15 0.15 0.16 0.17 0.18 0.19 0.20 0.20 0.21 0.22 0.23 0.24 0.25 0.26 0.27 0.27 0.28 0.29 0.30 0.31 0.31 0.32 0.33 0.33 0.34 0.35 0.35 0.36 0.36 0.37 0.37 0.38 0.38 0.38 0.39 0.39 0.39 0.39 0.40 0.40 0.40 0.40 0.40 0.40 0.40 0.40 0.40 0.40 0.40 0.40 0.40 0.40 0.40 0.40 0.40 0.40 0.40 0.40 0.40 0.39 0.39 0.39 0.39 0.39 0.39 0.38 0.38 0.36 0.39 0.42 0.44 0.49 0.55 0.66 0.97 0.91 0.00 
0.00 0.00 2.53 4.13 0.99 0.53 0.35 0.26 0.21 0.17 0.14 0.13 0.12 0.11 0.11 0.10 0.10 0.10 0.10 0.11 0.11 0.11 0.12 0.12 0.13 0.14 0.14 0.15 0.16 0.17 0.18 0.19 0.19 0.20 0.21 0.22 0.23 0.24 0.25 0.26 0.27 0.28 0.28 0.29 0.30 0.31 0.32 0.33 0.33 0.34 0.35 0.35 0.36 0.37 0.37 0.38 0.38 0.39 0.39 0.39 0.40 0.40 0.40 0.41 0.41 0.41 0.41 0.42 0.42 0.42 0.42 0.42 0.42 0.42 0.42 0.42 0.42 0.42 0.42 0.42 0.42 0.42 0.41 0.41 0.41 0.41 0.41 0.41 0.41 0.40 0.40 0.40 0.40 0.39 0.39 0.41 0.39 0.45 0.50 0.57 0.68 1.41 0.32 0.00 
0.00 0.00 0.00 3.67 1.16 0.59 0.38 0.28 0.21 0.18 0.16 0.14 0.12 0.12 0.11 0.11 0.11 0.11 0.11 0.11 0.11 0.12 0.12 0.13 0.13 0.14 0.15 0.16 0.17 0.17 0.18 0.19 0.20 0.21 0.22 0.23 0.24 0.25 0.26 0.27 0.28 0.29 0.29 0.30 0.31 0.32 0.33 0.34 0.35 0.35 0.36 0.37 0.37 0.38 0.39 0.39 0.40 0.40 0.41 0.41 0.41 0.42 0.42 0.42 0.42 0.43 0.43 0.43 0.43 0.43 0.43 0.43 0.43 0.43 0.43 0.43 0.43 0.43 0.43 0.43 0.43 0.43 0.43 0.43 0.43 0.43 0.42 0.42 0.42 0.42 0.42 0.42 0.41 0.41 0.42 0.40 0.45 0.43 0.51 0.57 0.81 1.41 0.00 0.00 
0.00 0.00 0.00 1.50 1.81 0.69 0.42 0.30 0.24 0.19 0.16 0.15 0.13 0.13 0.12 0.12 0.12 0.12 0.12 0.12 0.12 0.13 0.13 0.14 0.15 0.15 0.16 0.17 0.18 0.19 0.20 0.21 0.22 0.23 0.24 0.25 0.26 0.27 0.28 0.29 0.30 0.31 0.32 0.33 0.34 0.35 0.35 0.36 0.37 0.38 0.39 0.39 0.40 0.41 0.41 0.42 0.43 0.43 0.44 0.44 0.44 0.45 0.45 0.45 0.46 0.46 0.46 0.46 0.46 0.47 0.47 0.47 0.47 0.47 0.47 0.47 0.47 0.47 0.47 0.47 0.46 0.46 0.46 0.46 0.46 0.46 0.46 0.45 0.45 0.45 0.45 0.45 0.44 0.44 0.44 0.46 0.43 0.52 0.59 0.67 1.30 0.63 0.00 0.00 
0.00 0.00 0.00 0.00 1.67 0.95 0.51 0.34 0.26 0.21 0.18 0.16 0.14 0.13 0.13 0.12 0.12 0.12 0.12 0.13 0.13 0.13 0.14 0.15 0.15 0.16 0.17 0.18 0.19 0.20 0.21 0.22 0.23 0.24 0.25 0.26 0.27 0.28 0.29 0.30 0.32 0.33 0.34 0.35 0.36 0.37 0.38 0.39 0.39 0.40 0.41 0.42 0.43 0.43 0.44 0.45 0.45 0.46 0.46 0.47 0.47 0.48 0.48 0.48 0.49 0.49 0.49 0.49 0.49 0.49 0.50 0.50 0.50 0.50 0.50 0.50 0.50 0.50 0.50 0.49 0.49 0.49 0.49 0.49 0.49 0.49 0.48 0.48 0.48 0.48 0.48 0.47 0.47 0.47 0.49 0.50 0.51 0.59 0.68 1.02 1.28 0.00 0.00 0.00 
0.00 0.00 0.00 0.00 0.06 1.37 0.72 0.42 0.31 0.24 0.21 0.17 0.15 0.14 0.14 0.13 0.13 0.13 0.13 0.14 0.14 0.15 0.15 0.16 0.17 0.18 0.19 0.20 0.21 0.22 0.23 0.24 0.25 0.26 0.27 0.29 0.30 0.31 0.32 0.33 0.34 0.36 0.37 0.38 0.39 0.40 0.41 0.42 0.43 0.44 0.45 0.46 0.47 0.47 0.48 0.49 0.49 0.50 0.51 0.51 0.52 0.52 0.52 0.53 0.53 0.53 0.54 0.54 0.54 0.54 0.54 0.54 0.54 0.54 0.54 0.54 0.54 0.54 0.54 0.54 0.54 0.54 0.54 0.54 0.53 0.53 0.53 0.53 0.53 0.52 0.52 0.52 0.52 0.52 0.56 0.58 0.57 0.68 1.02 1.47 0.05 0.00 0.00 0.00 
0.00 0.00 0.00 0.00 0.00 0.04 0.93 0.75 0.42 0.30 0.25 0.21 0.19 0.18 0.17 0.16 0.16 0.16 0.17 0.17 0.17 0.18 0.19 0.20 0.21 0.22 0.23 0.24 0.25 0.27 0.28 0.29 0.31 0.32 0.34 0.35 0.37 0.38 0.39 0.41 0.42 0.44 0.45 0.47 0.48 0.49 0.50 0.52 0.53 0.54 0.55 0.56 0.57 0.58 0.59 0.60 0.61 0.61 0.62 0.63 0.63 0.64 0.64 0.65 0.65 0.65 0.66 0.66 0.66 0.66 0.66 0.67 0.67 0.67 0.67 0.67 0.67 0.67 0.66 0.66 0.66 0.66 0.66 0.66 0.65 0.65 0.65 0.65 0.64 0.64 0.64 0.64 0.63 0.64 0.67 0.69 0.82 1.31 1.29 0.05 0.00 0.00 0.00 0.00 
0.00 0.00 0.00 0.00 0.00 0.00 0.00 0.36 0.70 0.59 0.38 0.31 0.27 0.25 0.24 0.24 0.23 0.23 0.24 0.24 0.25 0.26 0.27 0.28 0.30 0.31 0.33 0.34 0.36 0.38 0.40 0.42 0.44 0.46 0.48 0.50 0.52 0.54 0.56 0.58 0.60 0.62 0.64 0.66 0.68 0.70 0.72 0.74 0.76 0.77 0.79 0.80 0.82 0.83 0.84 0.86 0.87 0.88 0.89 0.90 0.90 0.91 0.92 0.92 0.93 0.93 0.94 0.94 0.94 0.95 0.95 0.95 0.95 0.95 0.95 0.95 0.95 0.95 0.95 0.95 0.94 0.94 0.94 0.94 0.93 0.93 0.93 0.92 0.92 0.92 0.91 0.91 0.90 0.92 0.99 1.43 1.43 0.63 0.00 0.00 0.00 0.00 0.00 0.00 
0.00 0.00 0.00 0.00 0.00 0.00 0.00 0.00 0.00 0.13 0.35 0.38 0.37 0.34 0.33 0.32 0.31 0.31 0.32 0.32 0.33 0.34 0.36 0.37 0.39 0.41 0.43 0.46 0.48 0.50 0.53 0.56 0.58 0.61 0.64 0.67 0.69 0.72 0.75 0.77 0.80 0.83 0.86 0.88 0.91 0.93 0.96 0.98 1.00 1.03 1.05 1.07 1.08 1.10 1.12 1.14 1.15 1.16 1.18 1.19 1.20 1.21 1.22 1.23 1.23 1.24 1.24 1.25 1.25 1.26 1.26 1.26 1.26 1.26 1.26 1.26 1.26 1.26 1.26 1.26 1.25 1.25 1.25 1.24 1.24 1.24 1.23 1.23 1.22 1.22 1.21 1.21 1.20 1.13 0.93 0.32 0.00 0.00 0.00 0.00 0.00 0.00 0.00 0.00 
0.00 0.00 0.00 0.00 0.00 0.00 0.00 0.00 0.00 0.00 0.00 0.00 0.00 0.00 0.00 0.00 0.00 0.00 0.00 0.00 0.00 0.00 0.00 0.00 0.00 0.00 0.00 0.00 0.00 0.00 0.00 0.00 0.00 0.00 0.00 0.00 0.00 0.00 0.00 0.00 0.00 0.00 0.00 0.00 0.00 0.00 0.00 0.00 0.00 0.00 0.00 0.00 0.00 0.00 0.00 0.00 0.00 0.00 0.00 0.00 0.00 0.00 0.00 0.00 0.00 0.00 0.00 0.00 0.00 0.00 0.00 0.00 0.00 0.00 0.00 0.00 0.00 0.00 0.00 0.00 0.00 0.00 0.00 0.00 0.00 0.00 0.00 0.00 0.00 0.00 0.00 0.00 0.00 0.00 0.00 0.00 0.00 0.00 0.00 0.00 0.00 0.00 0.00 0.00 
