0.00 0.00 0.00 0.00 0.00 0.00 0.00 0.00 0.00 0.00 0.00 0.00 0.00 0.00 0.00 0.00 0.00 0.00 0.00 0.00 0.00 0.00 0.00 0.00 0.00 0.00 0.00 0.00 0.00 0.00 0.00 0.00 0.00 0.00 0.00 0.00 0.00 0.00 0.00 0.00 0.00 0.00 0.00 0.00 0.00 0.00 0.00 0.00 0.00 0.00 0.00 0.00 0.00 0.00 0.00 0.00 0.00 0.00 0.00 0.00 0.00 0.00 0.00 0.00 0.00 0.00 0.00 0.00 0.00 0.00 0.00 0.00 0.00 0.00 0.00 0.00 0.00 0.00 0.00 0.00 0.00 0.00 0.00 0.00 0.00 0.00 0.00 0.00 0.00 0.00 0.00 0.00 0.00 0.00 0.00 0.00 0.00 0.00 0.00 0.00 0.00 0.00 0.00 0.00 
0.00 0.00 0.00 0.00 0.00 0.00 0.00 0.00 0.00 0.00 0.00 0.00 0.00 0.00 0.00 0.00 0.00 0.00 0.00 0.00 0.00 0.00 0.00 0.00 0.00 0.00 0.00 0.00 0.00 0.00 0.00 0.00 0.00 0.00 0.00 0.00 0.00 0.00 0.00 0.00 0.00 0.00 0.00 0.00 0.00 0.00 0.00 0.00 0.00 0.00 0.00 0.00 0.00 0.00 0.00 0.00 0.00 0.00 0.00 0.00 0.00 0.00 0.00 0.00 0.00 0.00 0.00 0.00 0.00 0.00 0.00 0.00 0.00 0.00 0.00 0.00 0.00 0.00 0.00 0.00 0.00 0.00 0.00 0.00 0.00 0.00 0.00 0.00 0.00 0.00 0.00 0.00 0.00 0.00 0.00 0.00 0.00 0.00 0.00 0.00 0.00 0.00 0.00 0.00 
0.00 0.00 0.00 0.00 0.00 0.00 0.00 0.00 0.00 0.82 2.43 3.02 3.23 3.28 3.34 3.40 3.47 3.53 3.59 3.64 3.69 3.73 3.76 3.78 3.79 3.77 3.74 3.68 3.60 3.48 3.34 3.17 2.96 2.73 2.48 2.22 1.95 1.69 1.45 1.23 1.04 0.89 0.76 0.65 0.57 0.50 0.45 0.41 0.37 0.34 0.32 0.29 0.28 0.26 0.25 0.23 0.22 0.21 0.20 0.20 0.19 0.18 0.18 0.17 0.17 0.16 0.16 0.15 0.15 0.15 0.14 0.14 0.14 0.13 0.13 0.13 0.13 0.12 0.12 0.12 0.12 0.11 0.11 0.11 0.11 0.11 0.11 0.11 0.11 0.11 0.11 0.11 0.11 0.11 0.09 0.03 0.00 0.00 0.00 0.00 0.00 0.00 0.00 0.00 
0.00 0.00 0.00 0.00 0.00 0.00 0.00 1.64 3.66 3.74 2.69 2.46 2.43 2.48 2.52 2.57 2.62 2.67 2.71 2.75 2.79 2.82 2.84 2.85 2.85 2.84 2.81 2.77 2.70 2.61 2.50 2.37 2.22 2.04 1.85 1.65 1.45 1.26 1.08 0.92 0.78 0.67 0.57 0.49 0.43 0.38 0.34 0.31 0.28 0.26 0.24 0.22 0.21 0.20 0.19 0.18 0.17 0.16 0.15 0.15 0.14 0.14 0.13 0.13 0.12 0.12 0.12 0.12 0.11 0.11 0.11 0.10 0.10 0.10 0.10 0.10 0.09 0.09 0.09 0.09 0.09 0.09 0.09 0.08 0.08 0.08 0.08 0.08 0.08 0.08 0.08 0.08 0.08 0.09 0.10 0.15 0.16 0.08 0.00 0.00 0.00 0.00 0.00 0.00 
0.00 0.00 0.00 0.00 0.00 0.10 3.37 3.38 2.24 1.91 1.77 1.67 1.71 1.74 1.77 1.80 1.84 1.87 1.90 1.93 1.95 1.98 1.99 2.00 2.00 1.99 1.97 1.94 1.89 1.83 1.75 1.66 1.55 1.42 1.29 1.15 1.01 0.88 0.75 0.64 0.55 0.46 0.40 0.34 0.30 0.27 0.24 0.22 0.20 0.18 0.17 0.16 0.15 0.14 0.13 0.12 0.12 0.11 0.11 0.10 0.10 0.10 0.09 0.09 0.09 0.09 0.08 0.08 0.08 0.08 0.08 0.07 0.07 0.07 0.07 0.07 0.07 0.06 0.06 0.06 0.06 0.06 0.06 0.06 0.06 0.06 0.06 0.06 0.06 0.06 0.06 0.06 0.06 0.06 0.07 0.08 0.10 0.16 0.18 0.01 0.00 0.00 0.00 0.00 
0.00 0.00 0.00 0.00 0.10 3.85 2.48 1.74 1.62 1.51 1.48 1.36 1.39 1.42 1.44 1.47 1.50 1.52 1.55 1.57 1.59 1.61 1.62 1.63 1.63 1.62 1.60 1.58 1.54 1.49 1.43 1.35 1.26 1.16 1.05 0.94 0.82 0.71 0.61 0.52 0.44 0.38 0.32 0.28 0.25 0.22 0.19 0.18 0.16 0.15 0.14 0.13 0.12 0.11 0.11 0.10 0.10 0.09 0.09 0.08 0.08 0.08 0.08 0.07 0.07 0.07 0.07 0.07 0.06 0.06 0.06 0.06 0.06 0.06 0.06 0.05 0.05 0.05 0.05 0.05 0.05 0.05 0.05 0.05 0.05 0.05 0.05 0.05 0.05 0.05 0.05 0.05 0.05 0.05 0.06 0.06 0.07 0.09 0.14 0.23 0.01 0.00 0.00 0.00 
0.00 0.00 0.00 0.00 3.46 2.50 1.57 1.37 1.41 1.31 1.30 1.27 1.27 1.29 1.32 1.34 1.37 1.39 1.42 1.44 1.46 1.47 1.48 1.49 1.49 1.48 1.47 1.45 1.41 1.36 1.31 1.24 1.16 1.06 0.96 0.86 0.76 0.66 0.56 0.48 0.41 0.35 0.30 0.26 0.22 0.20 0.18 0.16 0.15 0.13 0.12 0.12 0.11 0.10 0.10 0.09 0.09 0.08 0.08 0.08 0.07 0.07 0.07 0.07 0.07 0.06 0.06 0.06 0.06 0.06 0.06 0.05 0.05 0.05 0.05 0.05 0.05 0.05 0.05 0.05 0.05 0.05 0.04 0.04 0.04 0.04 0.04 0.04 0.04 0.04 0.04 0.04 0.04 0.05 0.05 0.05 0.06 0.07 0.10 0.16 0.23 0.00 0.00 0.00 
0.00 0.00 0.00 1.76 3.46 1.75 1.37 1.33 1.28 1.18 1.16 1.17 1.19 1.22 1.24 1.26 1.29 1.31 1.33 1.35 1.37 1.38 1.40 1.40 1.40 1.40 1.38 1.36 1.33 1.29 1.23 1.17 1.09 1.01 0.91 0.82 0.72 0.62 0.53 0.45 0.38 0.33 0.28 0.24 0.21 0.19 0.17 0.15 0.14 0.13 0.12 0.11 0.10 0.10 0.09 0.09 0.08 0.08 0.08 0.07 0.07 0.07 0.07 0.06 0.06 0.06 0.06 0.06 0.06 0.05 0.05 0.05 0.05 0.05 0.05 0.05 0.05 0.05 0.04 0.04 0.04 0.04 0.04 0.04 0.04 0.04 0.04 0.04 0.04 0.04 0.04 0.04 0.04 0.04 0.04 0.05 0.06 0.07 0.08 0.12 0.24 0.14 0.00 0.00 
0.00 0.00 0.00 3.91 2.28 1.62 1.40 1.28 1.10 1.15 1.10 1.10 1.11 1.13 1.15 1.17 1.20 1.22 1.24 1.26 1.27 1.29 1.30 1.30 1.30 1.30 1.28 1.26 1.23 1.19 1.14 1.08 1.01 0.93 0.85 0.75 0.66 0.58 0.49 0.42 0.36 0.30 0.26 0.22 0.20 0.17 0.16 0.14 0.13 0.12 0.11 0.10 0.10 0.09 0.08 0.08 0.08 0.07 0.07 0.07 0.07 0.06 0.06 0.06 0.06 0.06 0.05 0.05 0.05 0.05 0.05 0.05 0.05 0.05 0.04 0.04 0.04 0.04 0.04 0.04 0.04 0.04 0.04 0.04 0.04 0.04 0.04 0.04 0.04 0.04 0.04 0.04 0.04 0.04 0.04 0.05 0.05 0.06 0.07 0.10 0.15 0.31 0.00 0.00 
0.00 0.00 0.93 3.95 1.94 1.51 1.30 1.17 1.14 1.08 1.01 1.05 1.07 1.09 1.11 1.13 1.15 1.17 1.19 1.21 1.23 1.24 1.25 1.26 1.26 1.25 1.24 1.22 1.19 1.15 1.10 1.05 0.98 0.90 0.82 0.73 0.64 0.56 0.48 0.41 0.35 0.29 0.25 0.22 0.19 0.17 0.15 0.14 0.12 0.11 0.11 0.10 0.09 0.09 0.08 0.08 0.07 0.07 0.07 0.07 0.06 0.06 0.06 0.06 0.06 0.05 0.05 0.05 0.05 0.05 0.05 0.05 0.05 0.04 0.04 0.04 0.04 0.04 0.04 0.04 0.04 0.04 0.04 0.04 0.04 0.04 0.04 0.04 0.04 0.04 0.04 0.04 0.04 0.04 0.04 0.04 0.05 0.06 0.07 0.09 0.13 0.31 0.08 0.00 
0.00 0.00 2.75 2.82 1.79 1.46 1.27 1.14 1.08 1.00 1.05 1.02 1.03 1.05 1.07 1.09 1.11 1.13 1.15 1.17 1.18 1.19 1.20 1.21 1.21 1.21 1.20 1.18 1.15 1.12 1.07 1.02 0.95 0.88 0.80 0.71 0.62 0.54 0.46 0.39 0.33 0.28 0.24 0.21 0.18 0.16 0.14 0.13 0.12 0.11 0.10 0.09 0.09 0.08 0.08 0.07 0.07 0.07 0.07 0.06 0.06 0.06 0.06 0.05 0.05 0.05 0.05 0.05 0.05 0.05 0.05 0.04 0.04 0.04 0.04 0.04 0.04 0.04 0.04 0.04 0.04 0.04 0.04 0.04 0.04 0.03 0.03 0.03 0.03 0.03 0.03 0.04 0.04 0.04 0.04 0.04 0.05 0.05 0.07 0.09 0.12 0.22 0.25 0.00 
0.00 0.00 3.40 2.55 1.66 1.32 1.22 1.14 1.07 1.02 1.01 1.01 1.02 1.03 1.05 1.07 1.09 1.11 1.13 1.15 1.16 1.18 1.19 1.19 1.19 1.19 1.18 1.16 1.13 1.10 1.05 1.00 0.93 0.86 0.78 0.70 0.61 0.53 0.46 0.39 0.33 0.28 0.24 0.21 0.18 0.16 0.14 0.13 0.12 0.11 0.10 0.09 0.09 0.08 0.08 0.07 0.07 0.07 0.06 0.06 0.06 0.06 0.06 0.05 0.05 0.05 0.05 0.05 0.05 0.05 0.04 0.04 0.04 0.04 0.04 0.04 0.04 0.04 0.04 0.04 0.04 0.04 0.04 0.04 0.03 0.03 0.03 0.03 0.03 0.03 0.03 0.03 0.04 0.04 0.04 0.04 0.05 0.05 0.07 0.08 0.11 0.20 0.30 0.00 
0.00 0.00 3.60 2.49 1.66 1.33 1.21 1.14 1.06 1.03 1.01 1.00 1.01 1.03 1.05 1.07 1.09 1.11 1.13 1.14 1.16 1.17 1.18 1.19 1.19 1.18 1.17 1.15 1.13 1.09 1.05 0.99 0.93 0.86 0.78 0.69 0.61 0.53 0.45 0.39 0.33 0.28 0.24 0.21 0.18 0.16 0.14 0.13 0.12 0.11 0.10 0.09 0.09 0.08 0.08 0.07 0.07 0.07 0.06 0.06 0.06 0.06 0.06 0.05 0.05 0.05 0.05 0.05 0.05 0.05 0.04 0.04 0.04 0.04 0.04 0.04 0.04 0.04 0.04 0.04 0.04 0.04 0.04 0.03 0.03 0.03 0.03 0.03 0.03 0.03 0.03 0.03 0.04 0.04 0.04 0.04 0.05 0.05 0.07 0.08 0.11 0.19 0.32 0.00 
0.00 0.00 3.41 2.55 1.69 1.35 1.22 1.14 1.07 1.02 1.01 1.01 1.02 1.03 1.05 1.07 1.09 1.11 1.13 1.15 1.16 1.18 1.19 1.19 1.19 1.19 1.18 1.16 1.13 1.10 1.05 1.00 0.93 0.86 0.78 0.70 0.61 0.53 0.46 0.39 0.33 0.28 0.24 0.21 0.18 0.16 0.14 0.13 0.12 0.11 0.10 0.09 0.09 0.08 0.08 0.07 0.07 0.07 0.06 0.06 0.06 0.06 0.06 0.05 0.05 0.05 0.05 0.05 0.05 0.05 0.04 0.04 0.04 0.04 0.04 0.04 0.04 0.04 0.04 0.04 0.04 0.04 0.04 0.04 0.03 0.03 0.03 0.03 0.03 0.03 0.03 0.03 0.04 0.04 0.04 0.04 0.05 0.05 0.07 0.08 0.11 0.20 0.30 0.00 
0.00 0.00 2.79 2.83 1.79 1.46 1.27 1.13 1.08 1.03 1.05 1.02 1.03 1.05 1.07 1.09 1.11 1.13 1.15 1.17 1.18 1.19 1.20 1.21 1.21 1.21 1.20 1.18 1.15 1.12 1.07 1.02 0.95 0.88 0.80 0.71 0.62 0.54 0.46 0.39 0.33 0.28 0.24 0.21 0.18 0.16 0.14 0.13 0.12 0.11 0.10 0.09 0.09 0.08 0.08 0.07 0.07 0.07 0.07 0.06 0.06 0.06 0.06 0.05 0.05 0.05 0.05 0.05 0.05 0.05 0.05 0.04 0.04 0.04 0.04 0.04 0.04 0.04 0.04 0.04 0.04 0.04 0.04 0.04 0.04 0.03 0.03 0.03 0.03 0.03 0.03 0.04 0.04 0.04 0.04 0.04 0.05 0.05 0.07 0.09 0.12 0.21 0.25 0.00 
0.00 0.00 0.97 3.97 1.94 1.50 1.29 1.18 1.14 1.08 1.04 1.04 1.07 1.09 1.11 1.13 1.15 1.17 1.19 1.21 1.23 1.24 1.25 1.26 1.26 1.25 1.24 1.22 1.19 1.15 1.10 1.05 0.98 0.90 0.82 0.73 0.64 0.56 0.48 0.41 0.35 0.29 0.25 0.22 0.19 0.17 0.15 0.14 0.12 0.11 0.11 0.10 0.09 0.09 0.08 0.08 0.07 0.07 0.07 0.07 0.06 0.06 0.06 0.06 0.06 0.05 0.05 0.05 0.05 0.05 0.05 0.05 0.05 0.04 0.04 0.04 0.04 0.04 0.04 0.04 0.04 0.04 0.04 0.04 0.04 0.04 0.04 0.04 0.04 0.04 0.04 0.04 0.04 0.04 0.04 0.04 0.05 0.06 0.07 0.09 0.12 0.31 0.08 0.00 
0.00 0.00 0.00 3.98 2.29 1.66 1.41 1.27 1.16 1.14 1.10 1.10 1.11 1.13 1.15 1.17 1.20 1.22 1.24 1.26 1.27 1.29 1.30 1.30 1.30 1.30 1.28 1.26 1.23 1.19 1.14 1.08 1.01 0.93 0.85 0.75 0.66 0.58 0.49 0.42 0.36 0.30 0.26 0.22 0.20 0.17 0.16 0.14 0.13 0.12 0.11 0.10 0.10 0.09 0.08 0.08 0.08 0.07 0.07 0.07 0.07 0.06 0.06 0.06 0.06 0.06 0.05 0.05 0.05 0.05 0.05 0.05 0.05 0.05 0.04 0.04 0.04 0.04 0.04 0.04 0.04 0.04 0.04 0.04 0.04 0.04 0.04 0.04 0.04 0.04 0.04 0.04 0.04 0.04 0.04 0.04 0.05 0.05 0.07 0.09 0.14 0.30 0.00 0.00 
0.00 0.00 0.00 1.77 3.50 1.93 1.55 1.36 1.28 1.19 1.16 1.17 1.19 1.21 1.24 1.26 1.28 1.31 1.33 1.35 1.37 1.38 1.40 1.40 1.40 1.40 1.38 1.36 1.33 1.29 1.23 1.17 1.09 1.01 0.91 0.82 0.72 0.62 0.53 0.45 0.38 0.33 0.28 0.24 0.21 0.19 0.17 0.15 0.14 0.13 0.12 0.11 0.10 0.10 0.09 0.09 0.08 0.08 0.08 0.07 0.07 0.07 0.07 0.06 0.06 0.06 0.06 0.06 0.06 0.05 0.05 0.05 0.05 0.05 0.05 0.05 0.05 0.05 0.04 0.04 0.04 0.04 0.04 0.04 0.04 0.04 0.04 0.04 0.04 0.04 0.04 0.04 0.04 0.04 0.04 0.05 0.05 0.06 0.08 0.10 0.23 0.13 0.00 0.00 
0.00 0.00 0.00 0.00 3.46 2.67 1.85 1.55 1.41 1.31 1.30 1.26 1.27 1.29 1.32 1.34 1.37 1.39 1.42 1.44 1.46 1.47 1.48 1.49 1.49 1.48 1.47 1.44 1.41 1.36 1.31 1.24 1.16 1.06 0.96 0.86 0.76 0.66 0.56 0.48 0.41 0.35 0.30 0.26 0.22 0.20 0.18 0.16 0.15 0.13 0.12 0.12 0.11 0.10 0.10 0.09 0.09 0.08 0.08 0.08 0.07 0.07 0.07 0.07 0.07 0.06 0.06 0.06 0.06 0.06 0.06 0.05 0.05 0.05 0.05 0.05 0.05 0.05 0.05 0.05 0.05 0.05 0.04 0.04 0.04 0.04 0.04 0.04 0.04 0.04 0.04 0.04 0.04 0.05 0.05 0.05 0.06 0.07 0.09 0.16 0.23 0.00 0.00 0.00 
0.00 0.00 0.00 0.00 0.13 3.87 2.65 1.92 1.65 1.51 1.47 1.38 1.39 1.41 1.44 1.47 1.50 1.52 1.55 1.57 1.59 1.61 1.62 1.63 1.63 1.62 1.60 1.58 1.54 1.49 1.42 1.35 1.26 1.16 1.05 0.94 0.82 0.71 0.61 0.52 0.44 0.38 0.32 0.28 0.25 0.22 0.19 0.18 0.16 0.15 0.14 0.13 0.12 0.11 0.11 0.10 0.10 0.09 0.09 0.08 0.08 0.08 0.08 0.07 0.07 0.07 0.07 0.07 0.06 0.06 0.06 0.06 0.06 0.06 0.06 0.05 0.05 0.05 0.05 0.05 0.05 0.05 0.05 0.05 0.05 0.05 0.05 0.05 0.05 0.05 0.05 0.05 0.05 0.05 0.06 0.06 0.07 0.08 0.14 0.23 0.01 0.00 0.00 0.00 
0.00 0.00 0.00 0.00 0.00 0.13 3.36 3.40 2.23 1.90 1.77 1.70 1.70 1.73 1.77 1.80 1.83 1.87 1.90 1.93 1.95 1.97 1.99 2.00 2.00 1.99 1.97 1.94 1.89 1.83 1.75 1.66 1.55 1.42 1.29 1.15 1.01 0.88 0.75 0.64 0.55 0.46 0.40 0.34 0.30 0.27 0.24 0.22 0.20 0.18 0.17 0.16 0.15 0.14 0.13 0.12 0.12 0.11 0.11 0.10 0.10 0.10 0.09 0.09 0.09 0.09 0.08 0.08 0.08 0.08 0.08 0.07 0.07 0.07 0.07 0.07 0.07 0.06 0.06 0.06 0.06 0.06 0.06 0.06 0.06 0.06 0.06 0.06 0.06 0.06 0.06 0.06 0.06 0.06 0.07 0.07 0.09 0.16 0.18 0.01 0.00 0.00 0.00 0.00 
0.00 0.00 0.00 0.00 0.00 0.00 0.00 1.64 3.70 3.73 2.68 2.45 2.42 2.47 2.52 2.56 2.61 2.66 2.71 2.75 2.78 2.82 2.84 2.85 2.85 2.84 2.81 2.77 2.70 2.61 2.50 2.37 2.22 2.04 1.85 1.65 1.45 1.26 1.08 0.92 0.78 0.67 0.57 0.49 0.43 0.38 0.34 0.31 0.28 0.26 0.24 0.22 0.21 0.20 0.19 0.18 0.17 0.16 0.15 0.15 0.14 0.14 0.13 0.13 0.12 0.12 0.12 0.12 0.11 0.11 0.11 0.10 0.10 0.10 0.10 0.10 0.09 0.09 0.09 0.09 0.09 0.09 0.09 0.08 0.08 0.08 0.08 0.08 0.08 0.08 0.08 0.08 0.08 0.09 0.10 0.15 0.16 0.08 0.00 0.00 0.00 0.00 0.00 0.00 
0.00 0.00 0.00 0.00 0.00 0.00 0.00 0.00 0.00 0.85 2.44 3.00 3.22 3.27 3.33 3.40 3.46 3.52 3.58 3.64 3.69 3.73 3.76 3.78 3.78 3.77 3.74 3.68 3.60 3.48 3.34 3.17 2.96 2.73 2.48 2.22 1.95 1.69 1.45 1.23 1.04 0.89 0.76 0.65 0.57 0.50 0.45 0.41 0.37 0.34 0.32 0.29 0.28 0.26 0.25 0.23 0.22 0.21 0.20 0.20 0.19 0.18 0.18 0.17 0.17 0.16 0.16 0.15 0.15 0.15 0.14 0.14 0.14 0.13 0.13 0.13 0.13 0.12 0.12 0.12 0.12 0.11 0.11 0.11 0.11 0.11 0.11 0.11 0.11 0.11 0.11 0.11 0.11 0.11 0.09 0.03 0.00 0.00 0.00 0.00 0.00 0.00 0.00 0.00 
0.00 0.00 0.00 0.00 0.00 0.00 0.00 0.00 0.00 0.00 0.00 0.00 0.00 0.00 0.00 0.00 0.00 0.00 0.00 0.00 0.00 0.00 0.00 0.00 0.00 0.00 0.00 0.00 0.00 0.00 0.00 0.00 0.00 0.00 0.00 0.00 0.00 0.00 0.00 0.00 0.00 0.00 0.00 0.00 0.00 0.00 0.00 0.00 0.00 0.00 0.00 0.00 0.00 0.00 0.00 0.00 0.00 0.00 0.00 0.00 0.00 0.00 0.00 0.00 0.00 0.00 0.00 0.00 0.00 0.00 0.00 0.00 0.00 0.00 0.00 0.00 0.00 0.00 0.00 0.00 0.00 0.00 0.00 0.00 0.00 0.00 0.00 0.00 0.00 0.00 0.00 0.00 0.00 0.00 0.00 0.00 0.00 0.00 0.00 0.00 0.00 0.00 0.00 0.00 
