0.00 0.00 0.00 0.00 0.00 0.00 0.00 0.00 0.00 0.00 0.00 0.00 0.00 0.00 0.00 0.00 0.00 0.00 0.00 0.00 0.00 0.00 0.00 0.00 0.00 0.00 0.00 0.00 0.00 0.00 0.00 0.00 0.00 0.00 0.00 0.00 0.00 0.00 0.00 0.00 0.00 0.00 0.00 0.00 0.00 0.00 0.00 0.00 0.00 0.00 0.00 0.00 0.00 0.00 0.00 0.00 0.00 0.00 0.00 0.00 0.00 0.00 0.00 0.00 0.00 0.00 0.00 0.00 0.00 0.00 0.00 0.00 0.00 0.00 0.00 0.00 0.00 0.00 0.00 0.00 0.00 0.00 0.00 0.00 0.00 0.00 0.00 0.00 0.00 0.00 0.00 0.00 0.00 0.00 0.00 0.00 0.00 0.00 0.00 0.00 0.00 0.00 0.00 
0.00 0.00 0.00 0.00 0.00 0.00 0.00 0.00 0.00 0.00 0.00 0.77 0.78 0.78 0.79 0.80 0.82 0.83 0.84 0.86 0.87 0.88 0.90 0.91 0.92 0.94 0.95 0.96 0.97 0.98 0.98 0.99 0.99 1.00 1.00 0.99 0.99 0.98 0.97 0.96 0.95 0.93 0.91 0.88 0.86 0.83 0.79 0.75 0.71 0.67 0.63 0.58 0.54 0.49 0.45 0.40 0.36 0.33 0.29 0.26 0.23 0.21 0.19 0.17 0.15 0.14 0.13 0.12 0.11 0.10 0.09 0.09 0.08 0.07 0.07 0.07 0.06 0.06 0.06 0.05 0.05 0.05 0.05 0.05 0.04 0.04 0.04 0.04 0.04 0.04 0.04 0.04 0.04 0.00 0.00 0.00 0.00 0.00 0.00 0.00 0.00 0.00 0.00 
0.00 0.00 0.00 0.00 0.00 0.00 0.00 1.67 2.51 1.29 1.55 1.47 1.49 1.50 1.53 1.55 1.57 1.60 1.63 1.66 1.68 1.71 1.74 1.76 1.79 1.81 1.83 1.86 1.87 1.89 1.90 1.92 1.92 1.93 1.93 1.92 1.92 1.90 1.88 1.86 1.83 1.80 1.76 1.71 1.66 1.60 1.53 1.46 1.38 1.30 1.21 1.13 1.04 0.95 0.87 0.78 0.71 0.63 0.57 0.51 0.45 0.41 0.37 0.33 0.30 0.27 0.25 0.23 0.21 0.19 0.18 0.17 0.15 0.14 0.14 0.13 0.12 0.11 0.11 0.10 0.10 0.10 0.09 0.09 0.09 0.08 0.08 0.08 0.08 0.08 0.08 0.08 0.09 0.11 0.16 0.19 0.08 0.00 0.00 0.00 0.00 0.00 0.00 
0.00 0.00 0.00 0.00 0.00 0.00 2.23 1.34 1.26 0.93 0.74 1.21 1.22 1.23 1.25 1.27 1.29 1.31 1.33 1.35 1.37 1.39 1.42 1.44 1.46 1.48 1.50 1.51 1.53 1.54 1.55 1.56 1.57 1.57 1.57 1.57 1.57 1.56 1.54 1.52 1.50 1.47 1.44 1.40 1.36 1.31 1.26 1.20 1.14 1.07 1.00 0.93 0.86 0.79 0.72 0.65 0.58 0.52 0.47 0.42 0.37 0.33 0.30 0.27 0.24 0.22 0.20 0.18 0.17 0.16 0.15 0.14 0.13 0.12 0.11 0.10 0.10 0.09 0.09 0.09 0.08 0.08 0.07 0.07 0.07 0.07 0.07 0.07 0.06 0.06 0.07 0.07 0.07 0.06 0.08 0.12 0.20 0.23 0.01 0.00 0.00 0.00 0.00 
0.00 0.00 0.00 0.00 1.96 1.31 1.36 0.71 0.87 0.63 1.01 0.97 0.98 0.99 1.00 1.01 1.03 1.05 1.06 1.08 1.10 1.12 1.14 1.15 1.17 1.18 1.20 1.21 1.23 1.24 1.25 1.25 1.26 1.26 1.26 1.26 1.26 1.25 1.24 1.22 1.21 1.18 1.16 1.13 1.09 1.06 1.01 0.97 0.92 0.86 0.81 0.75 0.69 0.63 0.58 0.52 0.47 0.42 0.38 0.34 0.30 0.27 0.24 0.22 0.20 0.18 0.16 0.15 0.14 0.13 0.12 0.11 0.10 0.10 0.09 0.08 0.08 0.08 0.07 0.07 0.07 0.06 0.06 0.06 0.06 0.05 0.05 0.05 0.05 0.05 0.05 0.05 0.06 0.07 0.06 0.09 0.11 0.18 0.30 0.01 0.00 0.00 0.00 
0.00 0.00 0.00 0.00 1.33 1.24 1.07 0.58 0.79 0.57 0.45 0.94 0.95 0.96 0.97 0.98 1.00 1.01 1.03 1.05 1.07 1.08 1.10 1.12 1.13 1.15 1.16 1.18 1.19 1.20 1.21 1.21 1.22 1.22 1.22 1.22 1.22 1.21 1.20 1.19 1.17 1.15 1.12 1.09 1.06 1.02 0.98 0.94 0.89 0.84 0.78 0.73 0.67 0.61 0.56 0.51 0.46 0.41 0.37 0.33 0.29 0.26 0.23 0.21 0.19 0.17 0.16 0.14 0.13 0.12 0.11 0.11 0.10 0.09 0.09 0.08 0.08 0.07 0.07 0.07 0.06 0.06 0.06 0.06 0.05 0.05 0.05 0.05 0.05 0.05 0.05 0.05 0.05 0.04 0.05 0.08 0.08 0.13 0.21 0.31 0.00 0.00 0.00 
0.00 0.00 0.00 2.33 1.41 1.08 1.03 0.60 0.89 0.70 0.56 0.52 0.53 0.54 0.55 0.56 0.57 0.58 0.59 0.60 0.61 0.62 0.63 0.64 0.64 0.65 0.66 0.67 0.68 0.68 0.69 0.69 0.70 0.70 0.70 0.70 0.70 0.69 0.69 0.68 0.67 0.66 0.64 0.63 0.61 0.59 0.57 0.54 0.51 0.48 0.45 0.42 0.39 0.36 0.32 0.29 0.26 0.24 0.21 0.19 0.17 0.15 0.14 0.12 0.11 0.10 0.09 0.08 0.08 0.07 0.06 0.06 0.06 0.05 0.05 0.05 0.04 0.04 0.04 0.04 0.04 0.03 0.03 0.03 0.03 0.03 0.03 0.03 0.03 0.03 0.03 0.03 0.03 0.04 0.06 0.07 0.08 0.11 0.15 0.33 0.20 0.00 0.00 
0.00 0.00 1.81 1.46 0.77 0.61 0.61 0.84 0.50 0.39 0.81 0.82 0.82 0.84 0.85 0.86 0.88 0.89 0.91 0.92 0.94 0.95 0.97 0.98 1.00 1.01 1.02 1.03 1.04 1.05 1.06 1.07 1.07 1.07 1.08 1.07 1.07 1.06 1.05 1.04 1.03 1.01 0.98 0.96 0.93 0.90 0.86 0.82 0.78 0.73 0.68 0.64 0.59 0.54 0.49 0.44 0.40 0.36 0.32 0.29 0.26 0.23 0.21 0.18 0.17 0.15 0.14 0.13 0.12 0.11 0.10 0.09 0.09 0.08 0.08 0.07 0.07 0.06 0.06 0.06 0.06 0.05 0.05 0.05 0.05 0.05 0.05 0.04 0.04 0.04 0.04 0.05 0.05 0.05 0.04 0.06 0.08 0.10 0.13 0.22 0.45 0.00 0.00 
0.00 0.00 2.76 1.39 0.94 0.82 0.90 0.50 0.81 0.75 0.58 0.53 0.53 0.54 0.55 0.56 0.57 0.58 0.59 0.60 0.61 0.62 0.63 0.64 0.65 0.66 0.67 0.68 0.68 0.69 0.69 0.70 0.70 0.70 0.70 0.70 0.70 0.70 0.69 0.68 0.67 0.66 0.65 0.63 0.61 0.59 0.57 0.54 0.51 0.48 0.45 0.42 0.39 0.36 0.32 0.29 0.26 0.24 0.21 0.19 0.17 0.15 0.14 0.12 0.11 0.10 0.09 0.08 0.08 0.07 0.07 0.06 0.06 0.05 0.05 0.05 0.04 0.04 0.04 0.04 0.04 0.03 0.03 0.03 0.03 0.03 0.03 0.03 0.03 0.03 0.03 0.03 0.04 0.05 0.05 0.06 0.07 0.09 0.12 0.18 0.45 0.12 0.00 
0.00 0.00 1.45 1.06 0.70 0.60 0.71 0.40 0.75 0.43 0.36 0.36 0.36 0.37 0.37 0.38 0.39 0.39 0.40 0.41 0.41 0.42 0.43 0.43 0.44 0.45 0.45 0.46 0.46 0.47 0.47 0.48 0.48 0.48 0.48 0.48 0.48 0.48 0.47 0.47 0.46 0.46 0.45 0.44 0.43 0.41 0.40 0.38 0.36 0.34 0.32 0.30 0.28 0.25 0.23 0.21 0.19 0.17 0.15 0.13 0.12 0.11 0.09 0.08 0.08 0.07 0.06 0.06 0.05 0.05 0.04 0.04 0.04 0.04 0.03 0.03 0.03 0.03 0.03 0.03 0.02 0.02 0.02 0.02 0.02 0.02 0.02 0.02 0.02 0.02 0.02 0.02 0.02 0.03 0.05 0.06 0.06 0.09 0.12 0.17 0.32 0.36 0.00 
0.00 0.00 1.77 0.87 1.07 0.48 0.57 0.81 0.58 0.36 0.35 0.35 0.35 0.36 0.37 0.37 0.38 0.39 0.39 0.40 0.41 0.42 0.42 0.43 0.44 0.44 0.45 0.45 0.46 0.46 0.47 0.47 0.47 0.47 0.47 0.47 0.47 0.47 0.47 0.46 0.46 0.45 0.44 0.43 0.42 0.41 0.39 0.37 0.36 0.34 0.32 0.29 0.27 0.25 0.23 0.21 0.18 0.17 0.15 0.13 0.12 0.10 0.09 0.08 0.08 0.07 0.06 0.06 0.05 0.05 0.04 0.04 0.04 0.04 0.03 0.03 0.03 0.03 0.03 0.03 0.02 0.02 0.02 0.02 0.02 0.02 0.02 0.02 0.02 0.02 0.02 0.02 0.02 0.03 0.04 0.06 0.07 0.09 0.11 0.16 0.29 0.45 0.00 
0.00 0.00 1.69 0.83 1.02 0.48 0.53 0.80 0.52 0.35 0.35 0.73 0.74 0.75 0.76 0.77 0.79 0.80 0.81 0.83 0.84 0.86 0.87 0.88 0.90 0.91 0.92 0.93 0.94 0.95 0.96 0.96 0.97 0.97 0.97 0.97 0.97 0.96 0.95 0.94 0.93 0.91 0.89 0.87 0.85 0.82 0.79 0.75 0.71 0.67 0.63 0.58 0.54 0.49 0.45 0.41 0.37 0.33 0.29 0.26 0.23 0.21 0.19 0.17 0.15 0.14 0.13 0.11 0.11 0.10 0.09 0.08 0.08 0.07 0.07 0.06 0.06 0.06 0.06 0.05 0.05 0.05 0.05 0.04 0.04 0.04 0.04 0.04 0.04 0.04 0.04 0.04 0.04 0.03 0.04 0.06 0.07 0.09 0.11 0.16 0.29 0.48 0.00 
0.00 0.00 1.80 0.89 1.07 0.48 0.56 0.80 0.57 0.35 0.35 0.74 0.74 0.75 0.76 0.78 0.79 0.80 0.82 0.83 0.84 0.86 0.87 0.89 0.90 0.91 0.92 0.93 0.94 0.95 0.96 0.97 0.97 0.97 0.97 0.97 0.97 0.96 0.96 0.95 0.93 0.92 0.90 0.88 0.85 0.82 0.79 0.75 0.72 0.67 0.63 0.59 0.54 0.50 0.45 0.41 0.37 0.33 0.30 0.26 0.24 0.21 0.19 0.17 0.15 0.14 0.13 0.12 0.11 0.10 0.09 0.08 0.08 0.07 0.07 0.07 0.06 0.06 0.06 0.05 0.05 0.05 0.05 0.04 0.04 0.04 0.04 0.04 0.04 0.04 0.04 0.04 0.04 0.03 0.04 0.06 0.07 0.09 0.11 0.16 0.29 0.45 0.00 
0.00 0.00 2.19 1.08 1.17 0.59 0.69 0.81 0.73 0.43 0.35 0.35 0.36 0.36 0.37 0.38 0.38 0.39 0.40 0.41 0.41 0.42 0.43 0.43 0.44 0.45 0.45 0.46 0.46 0.47 0.47 0.48 0.48 0.48 0.48 0.48 0.48 0.48 0.47 0.47 0.46 0.46 0.45 0.44 0.43 0.41 0.40 0.38 0.36 0.34 0.32 0.30 0.28 0.25 0.23 0.21 0.19 0.17 0.15 0.13 0.12 0.11 0.09 0.08 0.08 0.07 0.06 0.06 0.05 0.05 0.04 0.04 0.04 0.04 0.03 0.03 0.03 0.03 0.03 0.03 0.03 0.02 0.02 0.02 0.02 0.02 0.02 0.02 0.02 0.02 0.02 0.02 0.02 0.03 0.05 0.06 0.07 0.09 0.12 0.17 0.31 0.36 0.00 
0.00 0.00 2.92 1.42 0.93 0.80 0.88 0.49 0.79 0.73 0.57 0.52 0.52 0.53 0.54 0.55 0.56 0.57 0.58 0.59 0.60 0.61 0.62 0.63 0.64 0.65 0.66 0.67 0.67 0.68 0.69 0.69 0.69 0.70 0.70 0.70 0.69 0.69 0.69 0.68 0.67 0.66 0.64 0.63 0.61 0.59 0.57 0.54 0.51 0.48 0.45 0.42 0.39 0.36 0.32 0.29 0.26 0.24 0.21 0.19 0.17 0.15 0.14 0.12 0.11 0.10 0.09 0.08 0.08 0.07 0.06 0.06 0.06 0.05 0.05 0.05 0.04 0.04 0.04 0.04 0.04 0.03 0.03 0.03 0.03 0.03 0.03 0.03 0.03 0.03 0.03 0.03 0.04 0.05 0.06 0.06 0.07 0.09 0.12 0.17 0.45 0.12 0.00 
0.00 0.00 3.47 1.95 1.30 1.08 0.96 0.81 0.83 0.79 0.78 0.79 0.79 0.81 0.82 0.83 0.85 0.86 0.88 0.90 0.91 0.93 0.94 0.96 0.97 0.98 1.00 1.01 1.02 1.03 1.04 1.04 1.05 1.05 1.05 1.05 1.05 1.04 1.04 1.02 1.01 0.99 0.97 0.95 0.92 0.89 0.85 0.82 0.77 0.73 0.68 0.63 0.59 0.54 0.49 0.44 0.40 0.36 0.32 0.29 0.25 0.23 0.20 0.18 0.17 0.15 0.14 0.12 0.11 0.11 0.10 0.09 0.08 0.08 0.07 0.07 0.07 0.06 0.06 0.06 0.05 0.05 0.05 0.05 0.05 0.05 0.04 0.04 0.04 0.04 0.05 0.05 0.05 0.05 0.05 0.07 0.07 0.09 0.12 0.21 0.45 0.00 0.00 
0.00 0.00 1.42 2.99 1.42 1.05 0.99 0.94 0.85 0.67 0.83 0.84 0.85 0.86 0.88 0.89 0.91 0.93 0.94 0.96 0.98 0.99 1.01 1.02 1.04 1.05 1.07 1.08 1.09 1.10 1.11 1.12 1.12 1.13 1.13 1.13 1.12 1.12 1.11 1.10 1.08 1.07 1.04 1.02 0.99 0.96 0.92 0.88 0.83 0.79 0.74 0.68 0.63 0.58 0.53 0.48 0.43 0.38 0.34 0.31 0.27 0.24 0.22 0.20 0.18 0.16 0.15 0.13 0.12 0.11 0.10 0.10 0.09 0.09 0.08 0.08 0.07 0.07 0.06 0.06 0.06 0.06 0.05 0.05 0.05 0.05 0.05 0.05 0.05 0.05 0.05 0.05 0.05 0.05 0.06 0.06 0.08 0.11 0.15 0.34 0.20 0.00 0.00 
0.00 0.00 0.00 3.07 2.18 1.43 1.16 1.03 0.94 0.92 0.89 0.89 0.90 0.91 0.93 0.94 0.96 0.98 0.99 1.01 1.03 1.05 1.07 1.08 1.10 1.11 1.13 1.14 1.15 1.17 1.17 1.18 1.19 1.19 1.19 1.19 1.19 1.18 1.18 1.16 1.15 1.13 1.11 1.08 1.05 1.01 0.97 0.93 0.88 0.83 0.78 0.73 0.67 0.61 0.56 0.51 0.46 0.41 0.36 0.33 0.29 0.26 0.23 0.21 0.19 0.17 0.15 0.14 0.13 0.12 0.11 0.10 0.10 0.09 0.08 0.08 0.08 0.07 0.07 0.06 0.06 0.06 0.06 0.06 0.05 0.05 0.05 0.05 0.05 0.05 0.05 0.05 0.06 0.06 0.07 0.08 0.10 0.13 0.22 0.33 0.00 0.00 0.00 
0.00 0.00 0.00 0.09 3.17 2.05 1.43 1.17 1.08 1.04 0.95 0.97 0.98 0.99 1.01 1.03 1.05 1.07 1.08 1.10 1.12 1.14 1.16 1.18 1.20 1.21 1.23 1.25 1.26 1.27 1.28 1.29 1.30 1.30 1.30 1.30 1.30 1.29 1.28 1.27 1.25 1.23 1.21 1.18 1.14 1.10 1.06 1.01 0.96 0.91 0.85 0.79 0.73 0.67 0.61 0.55 0.50 0.45 0.40 0.35 0.32 0.28 0.25 0.23 0.20 0.19 0.17 0.15 0.14 0.13 0.12 0.11 0.10 0.10 0.09 0.09 0.08 0.08 0.07 0.07 0.07 0.06 0.06 0.06 0.06 0.06 0.06 0.06 0.05 0.06 0.06 0.06 0.06 0.07 0.08 0.09 0.11 0.19 0.32 0.01 0.00 0.00 0.00 
0.00 0.00 0.00 0.00 0.10 2.63 2.53 1.61 1.35 1.25 1.18 1.18 1.20 1.21 1.23 1.26 1.28 1.30 1.33 1.35 1.38 1.40 1.42 1.44 1.47 1.49 1.51 1.52 1.54 1.56 1.57 1.58 1.59 1.59 1.60 1.59 1.59 1.58 1.57 1.55 1.53 1.51 1.48 1.44 1.40 1.35 1.30 1.24 1.18 1.11 1.04 0.97 0.90 0.82 0.75 0.68 0.61 0.55 0.49 0.44 0.39 0.35 0.31 0.28 0.25 0.23 0.21 0.19 0.17 0.16 0.15 0.14 0.13 0.12 0.11 0.11 0.10 0.10 0.09 0.09 0.08 0.08 0.08 0.07 0.07 0.07 0.07 0.07 0.07 0.07 0.07 0.07 0.08 0.08 0.09 0.12 0.22 0.25 0.01 0.00 0.00 0.00 0.00 
0.00 0.00 0.00 0.00 0.00 0.00 1.22 2.69 2.66 1.88 1.70 1.68 1.70 1.73 1.76 1.79 1.82 1.85 1.89 1.92 1.96 1.99 2.03 2.06 2.09 2.12 2.15 2.17 2.20 2.22 2.23 2.25 2.26 2.27 2.27 2.27 2.27 2.26 2.24 2.22 2.19 2.15 2.11 2.06 2.00 1.94 1.86 1.78 1.69 1.60 1.49 1.39 1.28 1.18 1.07 0.97 0.87 0.78 0.70 0.62 0.56 0.50 0.44 0.40 0.36 0.32 0.30 0.27 0.25 0.23 0.21 0.20 0.18 0.17 0.16 0.15 0.14 0.14 0.13 0.12 0.12 0.11 0.11 0.10 0.10 0.10 0.10 0.10 0.10 0.10 0.10 0.10 0.11 0.13 0.20 0.22 0.11 0.00 0.00 0.00 0.00 0.00 0.00 
0.00 0.00 0.00 0.00 0.00 0.00 0.00 0.00 0.60 1.71 2.09 2.22 2.25 2.28 2.32 2.36 2.41 2.45 2.50 2.54 2.59 2.63 2.68 2.72 2.76 2.80 2.84 2.87 2.90 2.93 2.95 2.98 2.99 3.00 3.01 3.01 3.00 2.99 2.97 2.94 2.90 2.86 2.80 2.74 2.66 2.58 2.48 2.38 2.26 2.13 2.00 1.86 1.72 1.58 1.44 1.30 1.17 1.05 0.94 0.83 0.74 0.66 0.59 0.53 0.48 0.43 0.39 0.36 0.33 0.30 0.28 0.26 0.24 0.23 0.21 0.20 0.19 0.18 0.17 0.16 0.16 0.15 0.14 0.14 0.14 0.13 0.13 0.13 0.13 0.13 0.13 0.14 0.14 0.12 0.05 0.00 0.00 0.00 0.00 0.00 0.00 0.00 0.00 
0.00 0.00 0.00 0.00 0.00 0.00 0.00 0.00 0.00 0.00 0.00 0.00 0.00 0.00 0.00 0.00 0.00 0.00 0.00 0.00 0.00 0.00 0.00 0.00 0.00 0.00 0.00 0.00 0.00 0.00 0.00 0.00 0.00 0.00 0.00 0.00 0.00 0.00 0.00 0.00 0.00 0.00 0.00 0.00 0.00 0.00 0.00 0.00 0.00 0.00 0.00 0.00 0.00 0.00 0.00 0.00 0.00 0.00 0.00 0.00 0.00 0.00 0.00 0.00 0.00 0.00 0.00 0.00 0.00 0.00 0.00 0.00 0.00 0.00 0.00 0.00 0.00 0.00 0.00 0.00 0.00 0.00 0.00 0.00 0.00 0.00 0.00 0.00 0.00 0.00 0.00 0.00 0.00 0.00 0.00 0.00 0.00 0.00 0.00 0.00 0.00 0.00 0.00 
