0.00 0.00 0.00 0.00 0.00 0.00 0.00 0.00 0.00 0.00 0.00 0.00 0.00 0.00 0.00 0.00 0.00 0.00 0.00 0.00 0.00 0.00 0.00 0.00 0.00 0.00 0.00 0.00 0.00 0.00 0.00 0.00 0.00 0.00 0.00 0.00 0.00 0.00 0.00 0.00 0.00 0.00 0.00 0.00 0.00 0.00 0.00 0.00 0.00 0.00 0.00 0.00 0.00 0.00 0.00 0.00 0.00 0.00 0.00 0.00 0.00 0.00 0.00 0.00 0.00 0.00 0.00 0.00 0.00 0.00 0.00 0.00 0.00 0.00 0.00 0.00 0.00 0.00 0.00 0.00 0.00 0.00 0.00 0.00 0.00 0.00 0.00 0.00 0.00 0.00 0.00 0.00 0.00 0.00 0.00 0.00 0.00 0.00 0.00 0.00 0.00 0.00 0.00 0.00 
0.00 0.00 0.00 0.00 0.00 0.00 0.00 0.00 0.00 0.00 0.00 0.00 0.00 0.00 0.00 0.00 0.00 0.00 0.00 0.00 0.00 0.00 0.00 0.00 0.00 0.00 0.00 0.00 0.00 0.00 0.00 0.00 0.00 0.00 0.00 0.00 0.00 0.00 0.00 0.00 0.00 0.00 0.00 0.00 0.00 0.00 0.00 0.00 0.00 0.00 0.00 0.00 0.00 0.00 0.00 0.00 0.00 0.00 0.00 0.00 0.00 0.00 0.00 0.00 0.00 0.00 0.00 0.00 0.00 0.00 0.00 0.00 0.00 0.00 0.00 0.00 0.00 0.00 0.00 0.00 0.00 0.00 0.00 0.00 0.00 0.00 0.00 0.00 0.00 0.00 0.00 0.00 0.00 0.00 0.00 0.00 0.00 0.00 0.00 0.00 0.00 0.00 0.00 0.00 
0.00 0.00 0.00 0.00 0.00 0.00 0.00 0.00 0.00 1.62 4.68 5.63 5.74 5.48 5.15 4.74 4.25 3.72 3.16 2.61 2.11 1.68 1.34 1.08 0.88 0.74 0.64 0.56 0.49 0.45 0.41 0.37 0.35 0.33 0.31 0.29 0.28 0.26 0.25 0.24 0.24 0.23 0.22 0.22 0.21 0.21 0.21 0.20 0.20 0.20 0.20 0.19 0.19 0.19 0.19 0.19 0.19 0.19 0.19 0.19 0.19 0.19 0.19 0.19 0.19 0.19 0.19 0.19 0.19 0.19 0.18 0.18 0.18 0.18 0.18 0.18 0.18 0.18 0.18 0.18 0.18 0.18 0.18 0.18 0.18 0.18 0.17 0.17 0.17 0.17 0.17 0.18 0.18 0.17 0.14 0.05 0.00 0.00 0.00 0.00 0.00 0.00 0.00 0.00 
0.00 0.00 0.00 0.00 0.00 0.00 0.00 3.36 7.40 7.37 5.17 4.55 4.29 4.09 3.83 3.52 3.15 2.75 2.33 1.93 1.56 1.25 1.00 0.81 0.66 0.56 0.48 0.42 0.37 0.34 0.31 0.28 0.26 0.25 0.23 0.22 0.21 0.20 0.19 0.18 0.18 0.17 0.17 0.16 0.16 0.16 0.16 0.15 0.15 0.15 0.15 0.15 0.15 0.14 0.14 0.14 0.14 0.14 0.14 0.14 0.14 0.14 0.14 0.14 0.14 0.14 0.14 0.14 0.14 0.14 0.14 0.14 0.14 0.14 0.14 0.14 0.14 0.14 0.14 0.14 0.14 0.13 0.13 0.13 0.13 0.13 0.13 0.13 0.13 0.13 0.13 0.13 0.13 0.14 0.16 0.23 0.23 0.11 0.00 0.00 0.00 0.00 0.00 0.00 
0.00 0.00 0.00 0.00 0.00 0.21 6.97 6.89 4.50 3.77 3.41 3.08 2.99 2.85 2.66 2.44 2.19 1.90 1.61 1.33 1.08 0.87 0.69 0.56 0.46 0.39 0.34 0.29 0.26 0.24 0.22 0.20 0.18 0.17 0.16 0.15 0.15 0.14 0.13 0.13 0.12 0.12 0.12 0.12 0.11 0.11 0.11 0.11 0.11 0.10 0.10 0.10 0.10 0.10 0.10 0.10 0.10 0.10 0.10 0.10 0.10 0.10 0.10 0.10 0.10 0.10 0.10 0.10 0.10 0.10 0.10 0.10 0.10 0.10 0.10 0.10 0.10 0.10 0.10 0.10 0.09 0.09 0.09 0.09 0.09 0.09 0.09 0.09 0.09 0.09 0.09 0.09 0.09 0.10 0.10 0.11 0.14 0.22 0.23 0.01 0.00 0.00 0.00 0.00 
0.00 0.00 0.00 0.00 0.21 8.01 5.12 3.56 3.25 2.99 2.84 2.50 2.43 2.32 2.17 1.99 1.78 1.55 1.31 1.08 0.88 0.70 0.56 0.46 0.38 0.32 0.27 0.24 0.21 0.19 0.18 0.16 0.15 0.14 0.13 0.12 0.12 0.11 0.11 0.11 0.10 0.10 0.10 0.09 0.09 0.09 0.09 0.09 0.09 0.09 0.08 0.08 0.08 0.08 0.08 0.08 0.08 0.08 0.08 0.08 0.08 0.08 0.08 0.08 0.08 0.08 0.08 0.08 0.08 0.08 0.08 0.08 0.08 0.08 0.08 0.08 0.08 0.08 0.08 0.08 0.08 0.08 0.08 0.08 0.08 0.08 0.08 0.07 0.07 0.07 0.07 0.08 0.08 0.08 0.09 0.09 0.10 0.13 0.18 0.29 0.01 0.00 0.00 0.00 
0.00 0.00 0.00 0.00 7.23 5.19 3.24 2.80 2.84 2.59 2.50 2.34 2.24 2.13 1.99 1.83 1.64 1.43 1.21 1.00 0.81 0.65 0.52 0.42 0.35 0.29 0.25 0.22 0.20 0.18 0.16 0.15 0.14 0.13 0.12 0.11 0.11 0.10 0.10 0.10 0.09 0.09 0.09 0.09 0.08 0.08 0.08 0.08 0.08 0.08 0.08 0.08 0.08 0.08 0.08 0.07 0.07 0.07 0.07 0.07 0.07 0.07 0.07 0.07 0.07 0.07 0.07 0.07 0.07 0.07 0.07 0.07 0.07 0.07 0.07 0.07 0.07 0.07 0.07 0.07 0.07 0.07 0.07 0.07 0.07 0.07 0.07 0.07 0.07 0.07 0.07 0.07 0.07 0.07 0.08 0.08 0.09 0.10 0.13 0.20 0.27 0.00 0.00 0.00 
0.00 0.00 0.00 3.67 7.22 3.65 2.82 2.71 2.58 2.33 2.23 2.18 2.11 2.01 1.89 1.73 1.56 1.36 1.15 0.95 0.77 0.61 0.49 0.40 0.33 0.27 0.24 0.21 0.18 0.17 0.15 0.14 0.13 0.12 0.11 0.11 0.10 0.10 0.09 0.09 0.09 0.08 0.08 0.08 0.08 0.08 0.08 0.08 0.07 0.07 0.07 0.07 0.07 0.07 0.07 0.07 0.07 0.07 0.07 0.07 0.07 0.07 0.07 0.07 0.07 0.07 0.07 0.07 0.07 0.07 0.07 0.07 0.07 0.07 0.07 0.07 0.07 0.07 0.07 0.07 0.07 0.07 0.07 0.07 0.07 0.06 0.06 0.06 0.06 0.06 0.06 0.06 0.07 0.07 0.07 0.07 0.08 0.09 0.11 0.14 0.28 0.15 0.00 0.00 
0.00 0.00 0.00 8.15 4.76 3.37 2.90 2.61 2.22 2.27 2.13 2.04 1.96 1.86 1.74 1.60 1.43 1.25 1.06 0.88 0.71 0.57 0.45 0.37 0.30 0.25 0.22 0.19 0.17 0.15 0.14 0.13 0.12 0.11 0.11 0.10 0.10 0.09 0.09 0.08 0.08 0.08 0.08 0.08 0.07 0.07 0.07 0.07 0.07 0.07 0.07 0.07 0.07 0.07 0.07 0.07 0.07 0.06 0.06 0.06 0.06 0.06 0.06 0.06 0.06 0.06 0.06 0.06 0.06 0.06 0.06 0.06 0.06 0.06 0.06 0.06 0.06 0.06 0.06 0.06 0.06 0.06 0.06 0.06 0.06 0.06 0.06 0.06 0.06 0.06 0.06 0.06 0.06 0.06 0.06 0.07 0.07 0.08 0.10 0.12 0.18 0.34 0.00 0.00 
0.00 0.00 1.93 8.22 4.04 3.13 2.68 2.39 2.30 2.14 1.93 1.93 1.89 1.80 1.69 1.55 1.39 1.21 1.03 0.85 0.69 0.55 0.44 0.36 0.29 0.25 0.21 0.19 0.16 0.15 0.14 0.12 0.12 0.11 0.10 0.10 0.09 0.09 0.08 0.08 0.08 0.08 0.07 0.07 0.07 0.07 0.07 0.07 0.07 0.07 0.07 0.06 0.06 0.06 0.06 0.06 0.06 0.06 0.06 0.06 0.06 0.06 0.06 0.06 0.06 0.06 0.06 0.06 0.06 0.06 0.06 0.06 0.06 0.06 0.06 0.06 0.06 0.06 0.06 0.06 0.06 0.06 0.06 0.06 0.06 0.06 0.06 0.06 0.06 0.06 0.06 0.06 0.06 0.06 0.06 0.07 0.07 0.08 0.09 0.11 0.15 0.34 0.09 0.00 
0.00 0.00 5.69 5.87 3.73 3.03 2.63 2.32 2.19 1.96 2.01 1.91 1.84 1.75 1.65 1.52 1.36 1.19 1.01 0.84 0.67 0.54 0.43 0.35 0.28 0.24 0.20 0.18 0.16 0.14 0.13 0.12 0.11 0.10 0.10 0.09 0.09 0.08 0.08 0.08 0.08 0.07 0.07 0.07 0.07 0.07 0.07 0.06 0.06 0.06 0.06 0.06 0.06 0.06 0.06 0.06 0.06 0.06 0.06 0.06 0.06 0.06 0.06 0.06 0.06 0.06 0.06 0.06 0.06 0.06 0.06 0.06 0.06 0.06 0.06 0.06 0.06 0.06 0.06 0.06 0.06 0.06 0.06 0.06 0.06 0.06 0.06 0.06 0.06 0.06 0.06 0.06 0.06 0.06 0.06 0.06 0.07 0.07 0.09 0.11 0.14 0.24 0.26 0.00 
0.00 0.00 7.04 5.30 3.46 2.75 2.53 2.32 2.15 2.00 1.96 1.88 1.81 1.72 1.62 1.49 1.34 1.17 0.99 0.82 0.66 0.53 0.42 0.34 0.28 0.23 0.20 0.18 0.16 0.14 0.13 0.12 0.11 0.10 0.10 0.09 0.09 0.08 0.08 0.08 0.07 0.07 0.07 0.07 0.07 0.07 0.06 0.06 0.06 0.06 0.06 0.06 0.06 0.06 0.06 0.06 0.06 0.06 0.06 0.06 0.06 0.06 0.06 0.06 0.06 0.06 0.06 0.06 0.06 0.06 0.06 0.06 0.06 0.06 0.06 0.06 0.06 0.06 0.06 0.06 0.06 0.06 0.06 0.06 0.06 0.06 0.06 0.05 0.05 0.05 0.05 0.06 0.06 0.06 0.06 0.06 0.07 0.07 0.09 0.10 0.13 0.22 0.32 0.00 
0.00 0.00 7.45 5.18 3.47 2.77 2.50 2.32 2.13 2.03 1.94 1.87 1.79 1.71 1.61 1.48 1.33 1.16 0.99 0.81 0.66 0.53 0.42 0.34 0.28 0.23 0.20 0.17 0.16 0.14 0.13 0.12 0.11 0.10 0.10 0.09 0.09 0.08 0.08 0.08 0.07 0.07 0.07 0.07 0.07 0.07 0.06 0.06 0.06 0.06 0.06 0.06 0.06 0.06 0.06 0.06 0.06 0.06 0.06 0.06 0.06 0.06 0.06 0.06 0.06 0.06 0.06 0.06 0.06 0.06 0.06 0.06 0.06 0.06 0.06 0.06 0.06 0.06 0.06 0.06 0.06 0.06 0.06 0.06 0.06 0.06 0.05 0.05 0.05 0.05 0.05 0.06 0.06 0.06 0.06 0.06 0.07 0.07 0.08 0.10 0.13 0.21 0.33 0.00 
0.00 0.00 7.06 5.31 3.52 2.81 2.53 2.32 2.15 2.00 1.95 1.88 1.81 1.72 1.62 1.49 1.34 1.17 0.99 0.82 0.66 0.53 0.42 0.34 0.28 0.23 0.20 0.18 0.16 0.14 0.13 0.12 0.11 0.10 0.10 0.09 0.09 0.08 0.08 0.08 0.07 0.07 0.07 0.07 0.07 0.07 0.06 0.06 0.06 0.06 0.06 0.06 0.06 0.06 0.06 0.06 0.06 0.06 0.06 0.06 0.06 0.06 0.06 0.06 0.06 0.06 0.06 0.06 0.06 0.06 0.06 0.06 0.06 0.06 0.06 0.06 0.06 0.06 0.06 0.06 0.06 0.06 0.06 0.06 0.06 0.06 0.06 0.05 0.05 0.05 0.06 0.06 0.06 0.06 0.06 0.06 0.07 0.07 0.09 0.10 0.13 0.22 0.31 0.00 
0.00 0.00 5.77 5.88 3.73 3.03 2.63 2.31 2.19 2.01 2.01 1.91 1.84 1.75 1.65 1.52 1.36 1.19 1.01 0.83 0.67 0.54 0.43 0.35 0.28 0.24 0.20 0.18 0.16 0.14 0.13 0.12 0.11 0.10 0.10 0.09 0.09 0.08 0.08 0.08 0.08 0.07 0.07 0.07 0.07 0.07 0.07 0.06 0.06 0.06 0.06 0.06 0.06 0.06 0.06 0.06 0.06 0.06 0.06 0.06 0.06 0.06 0.06 0.06 0.06 0.06 0.06 0.06 0.06 0.06 0.06 0.06 0.06 0.06 0.06 0.06 0.06 0.06 0.06 0.06 0.06 0.06 0.06 0.06 0.06 0.06 0.06 0.06 0.06 0.06 0.06 0.06 0.06 0.06 0.06 0.06 0.07 0.07 0.09 0.11 0.14 0.23 0.26 0.00 
0.00 0.00 2.00 8.26 4.04 3.13 2.67 2.40 2.29 2.13 1.98 1.92 1.88 1.80 1.69 1.55 1.39 1.21 1.03 0.85 0.69 0.55 0.44 0.36 0.29 0.25 0.21 0.18 0.16 0.15 0.14 0.12 0.12 0.11 0.10 0.10 0.09 0.09 0.08 0.08 0.08 0.08 0.07 0.07 0.07 0.07 0.07 0.07 0.07 0.07 0.07 0.06 0.06 0.06 0.06 0.06 0.06 0.06 0.06 0.06 0.06 0.06 0.06 0.06 0.06 0.06 0.06 0.06 0.06 0.06 0.06 0.06 0.06 0.06 0.06 0.06 0.06 0.06 0.06 0.06 0.06 0.06 0.06 0.06 0.06 0.06 0.06 0.06 0.06 0.06 0.06 0.06 0.06 0.06 0.06 0.07 0.06 0.08 0.09 0.11 0.14 0.34 0.09 0.00 
0.00 0.00 0.00 8.29 4.78 3.45 2.90 2.60 2.32 2.26 2.12 2.03 1.95 1.86 1.74 1.60 1.43 1.25 1.06 0.88 0.71 0.57 0.45 0.37 0.30 0.25 0.22 0.19 0.17 0.15 0.14 0.13 0.12 0.11 0.11 0.10 0.10 0.09 0.09 0.08 0.08 0.08 0.08 0.08 0.07 0.07 0.07 0.07 0.07 0.07 0.07 0.07 0.07 0.07 0.07 0.07 0.07 0.06 0.06 0.06 0.06 0.06 0.06 0.06 0.06 0.06 0.06 0.06 0.06 0.06 0.06 0.06 0.06 0.06 0.06 0.06 0.06 0.06 0.06 0.06 0.06 0.06 0.06 0.06 0.06 0.06 0.06 0.06 0.06 0.06 0.06 0.06 0.06 0.06 0.06 0.06 0.07 0.07 0.09 0.11 0.17 0.34 0.00 0.00 
0.00 0.00 0.00 3.70 7.30 4.02 3.19 2.78 2.57 2.34 2.22 2.17 2.10 2.01 1.88 1.73 1.55 1.35 1.15 0.95 0.77 0.61 0.49 0.40 0.33 0.27 0.24 0.21 0.18 0.17 0.15 0.14 0.13 0.12 0.11 0.11 0.10 0.10 0.09 0.09 0.09 0.08 0.08 0.08 0.08 0.08 0.08 0.08 0.07 0.07 0.07 0.07 0.07 0.07 0.07 0.07 0.07 0.07 0.07 0.07 0.07 0.07 0.07 0.07 0.07 0.07 0.07 0.07 0.07 0.07 0.07 0.07 0.07 0.07 0.07 0.07 0.07 0.07 0.07 0.07 0.07 0.07 0.07 0.07 0.07 0.06 0.06 0.06 0.06 0.06 0.06 0.06 0.07 0.07 0.07 0.07 0.07 0.09 0.11 0.13 0.28 0.15 0.00 0.00 
0.00 0.00 0.00 0.00 7.22 5.56 3.82 3.16 2.84 2.58 2.49 2.33 2.23 2.12 1.99 1.82 1.63 1.42 1.21 1.00 0.81 0.65 0.52 0.42 0.35 0.29 0.25 0.22 0.20 0.18 0.16 0.15 0.14 0.13 0.12 0.11 0.11 0.10 0.10 0.10 0.09 0.09 0.09 0.09 0.08 0.08 0.08 0.08 0.08 0.08 0.08 0.08 0.08 0.08 0.08 0.07 0.07 0.07 0.07 0.07 0.07 0.07 0.07 0.07 0.07 0.07 0.07 0.07 0.07 0.07 0.07 0.07 0.07 0.07 0.07 0.07 0.07 0.07 0.07 0.07 0.07 0.07 0.07 0.07 0.07 0.07 0.07 0.07 0.07 0.07 0.07 0.07 0.07 0.07 0.08 0.08 0.08 0.10 0.12 0.20 0.27 0.00 0.00 0.00 
0.00 0.00 0.00 0.00 0.27 8.06 5.47 3.91 3.32 2.97 2.82 2.54 2.42 2.31 2.16 1.98 1.77 1.54 1.31 1.08 0.88 0.70 0.56 0.46 0.38 0.32 0.27 0.24 0.21 0.19 0.18 0.16 0.15 0.14 0.13 0.12 0.12 0.11 0.11 0.11 0.10 0.10 0.10 0.09 0.09 0.09 0.09 0.09 0.09 0.09 0.08 0.08 0.08 0.08 0.08 0.08 0.08 0.08 0.08 0.08 0.08 0.08 0.08 0.08 0.08 0.08 0.08 0.08 0.08 0.08 0.08 0.08 0.08 0.08 0.08 0.08 0.08 0.08 0.08 0.08 0.08 0.08 0.08 0.08 0.08 0.08 0.08 0.07 0.07 0.07 0.07 0.08 0.08 0.08 0.09 0.09 0.09 0.12 0.18 0.28 0.01 0.00 0.00 0.00 
0.00 0.00 0.00 0.00 0.00 0.27 6.94 6.93 4.48 3.74 3.39 3.12 2.97 2.83 2.65 2.43 2.18 1.90 1.61 1.33 1.08 0.86 0.69 0.56 0.46 0.39 0.34 0.29 0.26 0.24 0.22 0.20 0.18 0.17 0.16 0.15 0.15 0.14 0.13 0.13 0.12 0.12 0.12 0.12 0.11 0.11 0.11 0.11 0.11 0.10 0.10 0.10 0.10 0.10 0.10 0.10 0.10 0.10 0.10 0.10 0.10 0.10 0.10 0.10 0.10 0.10 0.10 0.10 0.10 0.10 0.10 0.10 0.10 0.10 0.10 0.10 0.10 0.10 0.10 0.10 0.09 0.09 0.09 0.09 0.09 0.09 0.09 0.09 0.09 0.09 0.09 0.09 0.09 0.10 0.10 0.11 0.13 0.22 0.23 0.01 0.00 0.00 0.00 0.00 
0.00 0.00 0.00 0.00 0.00 0.00 0.00 3.36 7.46 7.34 5.14 4.53 4.27 4.07 3.81 3.50 3.14 2.74 2.33 1.92 1.56 1.24 1.00 0.81 0.66 0.56 0.48 0.42 0.37 0.34 0.31 0.28 0.26 0.25 0.23 0.22 0.21 0.20 0.19 0.18 0.18 0.17 0.17 0.16 0.16 0.16 0.16 0.15 0.15 0.15 0.15 0.15 0.15 0.14 0.14 0.14 0.14 0.14 0.14 0.14 0.14 0.14 0.14 0.14 0.14 0.14 0.14 0.14 0.14 0.14 0.14 0.14 0.14 0.14 0.14 0.14 0.14 0.14 0.14 0.14 0.14 0.13 0.13 0.13 0.13 0.13 0.13 0.13 0.13 0.13 0.13 0.13 0.13 0.14 0.15 0.23 0.23 0.11 0.00 0.00 0.00 0.00 0.00 0.00 
0.00 0.00 0.00 0.00 0.00 0.00 0.00 0.00 0.00 1.67 4.71 5.60 5.72 5.46 5.12 4.72 4.24 3.71 3.15 2.60 2.10 1.68 1.34 1.08 0.88 0.74 0.64 0.56 0.49 0.45 0.41 0.37 0.35 0.33 0.31 0.29 0.28 0.26 0.25 0.24 0.24 0.23 0.22 0.22 0.21 0.21 0.21 0.20 0.20 0.20 0.20 0.19 0.19 0.19 0.19 0.19 0.19 0.19 0.19 0.19 0.19 0.19 0.19 0.19 0.19 0.19 0.19 0.19 0.19 0.19 0.18 0.18 0.18 0.18 0.18 0.18 0.18 0.18 0.18 0.18 0.18 0.18 0.18 0.18 0.18 0.18 0.17 0.17 0.17 0.17 0.17 0.18 0.18 0.17 0.14 0.05 0.00 0.00 0.00 0.00 0.00 0.00 0.00 0.00 
0.00 0.00 0.00 0.00 0.00 0.00 0.00 0.00 0.00 0.00 0.00 0.00 0.00 0.00 0.00 0.00 0.00 0.00 0.00 0.00 0.00 0.00 0.00 0.00 0.00 0.00 0.00 0.00 0.00 0.00 0.00 0.00 0.00 0.00 0.00 0.00 0.00 0.00 0.00 0.00 0.00 0.00 0.00 0.00 0.00 0.00 0.00 0.00 0.00 0.00 0.00 0.00 0.00 0.00 0.00 0.00 0.00 0.00 0.00 0.00 0.00 0.00 0.00 0.00 0.00 0.00 0.00 0.00 0.00 0.00 0.00 0.00 0.00 0.00 0.00 0.00 0.00 0.00 0.00 0.00 0.00 0.00 0.00 0.00 0.00 0.00 0.00 0.00 0.00 0.00 0.00 0.00 0.00 0.00 0.00 0.00 0.00 0.00 0.00 0.00 0.00 0.00 0.00 0.00 
