0.00 0.00 0.00 0.00 0.00 0.00 0.00 0.00 0.00 0.00 0.00 0.00 0.00 0.00 0.00 0.00 0.00 0.00 0.00 0.00 0.00 0.00 0.00 0.00 0.00 0.00 0.00 0.00 0.00 0.00 0.00 0.00 0.00 0.00 0.00 0.00 0.00 0.00 0.00 0.00 0.00 0.00 0.00 0.00 0.00 0.00 0.00 0.00 0.00 0.00 0.00 0.00 0.00 0.00 0.00 0.00 0.00 0.00 0.00 0.00 0.00 0.00 0.00 0.00 0.00 0.00 0.00 0.00 0.00 0.00 0.00 0.00 0.00 0.00 0.00 0.00 0.00 0.00 0.00 0.00 0.00 0.00 0.00 0.00 0.00 0.00 0.00 0.00 0.00 0.00 0.00 0.00 0.00 0.00 0.00 0.00 0.00 0.00 0.00 0.00 0.00 0.00 0.00 
0.00 0.00 0.00 0.00 0.00 0.00 0.00 0.00 0.00 0.00 0.00 0.09 0.09 0.09 0.09 0.09 0.09 0.09 0.09 0.10 0.10 0.11 0.11 0.12 0.12 0.13 0.14 0.15 0.16 0.17 0.18 0.19 0.21 0.22 0.24 0.25 0.27 0.29 0.30 0.32 0.34 0.36 0.38 0.40 0.42 0.44 0.46 0.48 0.50 0.52 0.54 0.56 0.57 0.59 0.60 0.62 0.63 0.64 0.66 0.67 0.68 0.69 0.69 0.70 0.71 0.71 0.71 0.72 0.72 0.72 0.72 0.72 0.72 0.71 0.71 0.71 0.70 0.70 0.69 0.68 0.68 0.67 0.66 0.65 0.64 0.63 0.62 0.61 0.60 0.59 0.59 0.58 0.58 0.00 0.00 0.00 0.00 0.00 0.00 0.00 0.00 0.00 0.00 
0.00 0.00 0.00 0.00 0.00 0.00 0.00 0.26 0.37 0.18 0.20 0.18 0.18 0.17 0.17 0.17 0.17 0.17 0.18 0.19 0.19 0.20 0.21 0.22 0.24 0.25 0.27 0.29 0.31 0.33 0.35 0.37 0.40 0.43 0.46 0.49 0.52 0.55 0.59 0.63 0.66 0.70 0.74 0.78 0.82 0.86 0.89 0.93 0.97 1.01 1.04 1.08 1.11 1.14 1.17 1.20 1.22 1.25 1.27 1.29 1.31 1.33 1.34 1.35 1.37 1.37 1.38 1.39 1.39 1.39 1.39 1.39 1.39 1.38 1.38 1.37 1.36 1.35 1.34 1.32 1.31 1.29 1.28 1.26 1.24 1.23 1.21 1.19 1.17 1.15 1.13 1.11 1.17 1.40 1.85 2.08 0.81 0.00 0.00 0.00 0.00 0.00 0.00 
0.00 0.00 0.00 0.00 0.00 0.00 0.37 0.21 0.19 0.13 0.10 0.15 0.15 0.14 0.14 0.14 0.14 0.14 0.15 0.15 0.16 0.17 0.17 0.18 0.19 0.21 0.22 0.23 0.25 0.27 0.29 0.31 0.33 0.35 0.37 0.40 0.43 0.45 0.48 0.51 0.54 0.57 0.61 0.64 0.67 0.70 0.73 0.76 0.79 0.82 0.85 0.88 0.91 0.93 0.96 0.98 1.00 1.02 1.04 1.05 1.07 1.08 1.10 1.11 1.11 1.12 1.13 1.13 1.13 1.14 1.14 1.13 1.13 1.13 1.12 1.12 1.11 1.10 1.09 1.08 1.07 1.06 1.04 1.03 1.02 1.00 0.99 0.97 0.96 0.94 0.93 0.91 0.94 0.71 0.93 1.27 1.93 1.93 0.06 0.00 0.00 0.00 0.00 
0.00 0.00 0.00 0.00 0.39 0.24 0.23 0.12 0.13 0.09 0.13 0.12 0.12 0.11 0.11 0.11 0.11 0.11 0.12 0.12 0.13 0.13 0.14 0.15 0.16 0.17 0.18 0.19 0.20 0.21 0.23 0.25 0.26 0.28 0.30 0.32 0.34 0.37 0.39 0.41 0.44 0.46 0.49 0.51 0.54 0.56 0.59 0.61 0.64 0.66 0.68 0.71 0.73 0.75 0.77 0.79 0.80 0.82 0.83 0.85 0.86 0.87 0.88 0.89 0.89 0.90 0.90 0.91 0.91 0.91 0.91 0.91 0.91 0.90 0.90 0.89 0.89 0.88 0.87 0.87 0.86 0.85 0.84 0.83 0.81 0.80 0.79 0.78 0.77 0.76 0.74 0.73 0.76 0.84 0.66 0.92 1.00 1.53 2.23 0.08 0.00 0.00 0.00 
0.00 0.00 0.00 0.00 0.27 0.24 0.19 0.10 0.12 0.08 0.06 0.12 0.11 0.11 0.11 0.11 0.11 0.11 0.11 0.12 0.12 0.13 0.14 0.14 0.15 0.16 0.17 0.18 0.19 0.21 0.22 0.24 0.26 0.27 0.29 0.31 0.33 0.35 0.38 0.40 0.42 0.45 0.47 0.50 0.52 0.55 0.57 0.59 0.62 0.64 0.66 0.68 0.71 0.73 0.74 0.76 0.78 0.79 0.81 0.82 0.83 0.84 0.85 0.86 0.87 0.87 0.88 0.88 0.88 0.88 0.88 0.88 0.88 0.88 0.87 0.87 0.86 0.85 0.85 0.84 0.83 0.82 0.81 0.80 0.79 0.78 0.77 0.76 0.74 0.73 0.72 0.71 0.71 0.44 0.60 0.80 0.79 1.07 1.56 2.01 0.00 0.00 0.00 
0.00 0.00 0.00 0.52 0.30 0.21 0.18 0.10 0.13 0.10 0.07 0.06 0.06 0.06 0.06 0.06 0.06 0.06 0.06 0.07 0.07 0.07 0.08 0.08 0.09 0.09 0.10 0.10 0.11 0.12 0.13 0.14 0.15 0.16 0.17 0.18 0.19 0.20 0.22 0.23 0.24 0.26 0.27 0.28 0.30 0.31 0.33 0.34 0.35 0.37 0.38 0.39 0.40 0.42 0.43 0.44 0.45 0.45 0.46 0.47 0.48 0.48 0.49 0.49 0.50 0.50 0.50 0.50 0.50 0.50 0.50 0.50 0.50 0.50 0.50 0.50 0.49 0.49 0.48 0.48 0.47 0.47 0.46 0.46 0.45 0.45 0.44 0.43 0.43 0.42 0.42 0.41 0.44 0.53 0.67 0.73 0.76 0.90 1.13 2.06 1.04 0.00 0.00 
0.00 0.00 0.45 0.35 0.18 0.12 0.11 0.13 0.08 0.06 0.11 0.10 0.10 0.10 0.09 0.09 0.09 0.10 0.10 0.10 0.11 0.11 0.12 0.13 0.13 0.14 0.15 0.16 0.17 0.18 0.20 0.21 0.22 0.24 0.26 0.27 0.29 0.31 0.33 0.35 0.37 0.39 0.41 0.44 0.46 0.48 0.50 0.52 0.54 0.56 0.58 0.60 0.62 0.64 0.65 0.67 0.68 0.70 0.71 0.72 0.73 0.74 0.75 0.76 0.76 0.77 0.77 0.77 0.78 0.78 0.78 0.78 0.77 0.77 0.77 0.76 0.76 0.75 0.75 0.74 0.73 0.72 0.71 0.70 0.69 0.68 0.67 0.66 0.65 0.64 0.63 0.63 0.62 0.63 0.39 0.63 0.73 0.81 0.95 1.35 2.35 0.00 0.00 
0.00 0.00 0.71 0.34 0.21 0.16 0.16 0.08 0.12 0.10 0.08 0.06 0.06 0.06 0.06 0.06 0.06 0.06 0.06 0.07 0.07 0.07 0.08 0.08 0.09 0.09 0.10 0.10 0.11 0.12 0.13 0.14 0.15 0.16 0.17 0.18 0.19 0.20 0.22 0.23 0.24 0.26 0.27 0.29 0.30 0.31 0.33 0.34 0.36 0.37 0.38 0.40 0.41 0.42 0.43 0.44 0.45 0.46 0.47 0.47 0.48 0.49 0.49 0.50 0.50 0.50 0.50 0.51 0.51 0.51 0.51 0.51 0.51 0.50 0.50 0.50 0.50 0.49 0.49 0.48 0.48 0.47 0.47 0.46 0.46 0.45 0.44 0.44 0.43 0.42 0.42 0.41 0.45 0.57 0.62 0.65 0.67 0.75 0.88 1.15 2.36 0.56 0.00 
0.00 0.00 0.39 0.27 0.17 0.12 0.12 0.07 0.11 0.06 0.05 0.04 0.04 0.04 0.04 0.04 0.04 0.04 0.04 0.05 0.05 0.05 0.05 0.06 0.06 0.06 0.07 0.07 0.08 0.08 0.09 0.09 0.10 0.11 0.12 0.12 0.13 0.14 0.15 0.16 0.17 0.18 0.19 0.20 0.21 0.22 0.23 0.24 0.25 0.25 0.26 0.27 0.28 0.29 0.29 0.30 0.31 0.31 0.32 0.32 0.33 0.33 0.34 0.34 0.34 0.34 0.34 0.35 0.35 0.35 0.35 0.35 0.35 0.34 0.34 0.34 0.34 0.34 0.33 0.33 0.33 0.32 0.32 0.32 0.31 0.31 0.30 0.30 0.30 0.29 0.29 0.29 0.29 0.34 0.57 0.62 0.54 0.74 0.86 1.06 1.68 1.62 0.00 
0.00 0.00 0.49 0.23 0.23 0.10 0.10 0.13 0.09 0.05 0.05 0.04 0.04 0.04 0.04 0.04 0.04 0.04 0.04 0.04 0.05 0.05 0.05 0.05 0.06 0.06 0.07 0.07 0.08 0.08 0.09 0.09 0.10 0.11 0.11 0.12 0.13 0.14 0.15 0.16 0.17 0.18 0.19 0.20 0.20 0.21 0.22 0.23 0.24 0.25 0.26 0.27 0.28 0.28 0.29 0.30 0.30 0.31 0.31 0.32 0.32 0.33 0.33 0.33 0.34 0.34 0.34 0.34 0.34 0.34 0.34 0.34 0.34 0.34 0.34 0.34 0.33 0.33 0.33 0.33 0.32 0.32 0.31 0.31 0.31 0.30 0.30 0.30 0.29 0.29 0.28 0.28 0.28 0.29 0.45 0.61 0.66 0.71 0.78 1.00 1.52 1.98 0.00 
0.00 0.00 0.48 0.23 0.23 0.10 0.09 0.13 0.08 0.05 0.05 0.09 0.09 0.09 0.08 0.08 0.09 0.09 0.09 0.09 0.10 0.10 0.11 0.11 0.12 0.13 0.14 0.14 0.15 0.17 0.18 0.19 0.20 0.22 0.23 0.25 0.26 0.28 0.30 0.32 0.34 0.36 0.38 0.40 0.42 0.43 0.45 0.47 0.49 0.51 0.53 0.55 0.56 0.58 0.59 0.61 0.62 0.63 0.64 0.65 0.66 0.67 0.68 0.68 0.69 0.69 0.70 0.70 0.70 0.70 0.70 0.70 0.70 0.70 0.69 0.69 0.68 0.68 0.67 0.67 0.66 0.65 0.64 0.64 0.63 0.62 0.61 0.60 0.59 0.58 0.58 0.57 0.57 0.28 0.41 0.61 0.66 0.71 0.78 0.99 1.49 2.11 0.00 
0.00 0.00 0.52 0.24 0.24 0.10 0.10 0.13 0.09 0.05 0.05 0.09 0.09 0.09 0.08 0.08 0.09 0.09 0.09 0.09 0.10 0.10 0.11 0.11 0.12 0.13 0.14 0.15 0.16 0.17 0.18 0.19 0.20 0.22 0.23 0.25 0.27 0.28 0.30 0.32 0.34 0.36 0.38 0.40 0.42 0.44 0.46 0.48 0.49 0.51 0.53 0.55 0.56 0.58 0.59 0.61 0.62 0.63 0.64 0.65 0.66 0.67 0.68 0.69 0.69 0.69 0.70 0.70 0.70 0.70 0.70 0.70 0.70 0.70 0.69 0.69 0.69 0.68 0.67 0.67 0.66 0.65 0.65 0.64 0.63 0.62 0.61 0.60 0.60 0.59 0.58 0.57 0.57 0.29 0.45 0.61 0.66 0.71 0.80 1.01 1.53 2.00 0.00 
0.00 0.00 0.63 0.29 0.26 0.12 0.12 0.13 0.11 0.06 0.05 0.04 0.04 0.04 0.04 0.04 0.04 0.04 0.04 0.05 0.05 0.05 0.05 0.06 0.06 0.06 0.07 0.07 0.08 0.08 0.09 0.09 0.10 0.11 0.12 0.12 0.13 0.14 0.15 0.16 0.17 0.18 0.19 0.20 0.21 0.22 0.23 0.24 0.25 0.25 0.26 0.27 0.28 0.29 0.29 0.30 0.31 0.31 0.32 0.32 0.33 0.33 0.34 0.34 0.34 0.34 0.34 0.35 0.35 0.35 0.35 0.35 0.35 0.34 0.34 0.34 0.34 0.34 0.33 0.33 0.33 0.32 0.32 0.32 0.31 0.31 0.30 0.30 0.30 0.29 0.29 0.29 0.29 0.30 0.57 0.62 0.66 0.75 0.86 1.07 1.64 1.63 0.00 
0.00 0.00 0.86 0.37 0.21 0.16 0.16 0.08 0.12 0.10 0.07 0.06 0.06 0.06 0.06 0.06 0.06 0.06 0.06 0.07 0.07 0.07 0.08 0.08 0.09 0.09 0.10 0.10 0.11 0.12 0.13 0.14 0.15 0.16 0.17 0.18 0.19 0.20 0.22 0.23 0.24 0.26 0.27 0.28 0.30 0.31 0.33 0.34 0.35 0.37 0.38 0.39 0.40 0.42 0.43 0.44 0.45 0.45 0.46 0.47 0.48 0.48 0.49 0.49 0.49 0.50 0.50 0.50 0.50 0.50 0.50 0.50 0.50 0.50 0.50 0.49 0.49 0.49 0.48 0.48 0.47 0.47 0.46 0.46 0.45 0.45 0.44 0.43 0.43 0.42 0.42 0.41 0.45 0.57 0.62 0.59 0.68 0.76 0.89 1.09 2.39 0.56 0.00 
0.00 0.00 1.08 0.52 0.30 0.22 0.17 0.13 0.12 0.11 0.10 0.10 0.09 0.09 0.09 0.09 0.09 0.09 0.10 0.10 0.10 0.11 0.11 0.12 0.13 0.14 0.15 0.16 0.17 0.18 0.19 0.21 0.22 0.24 0.25 0.27 0.29 0.31 0.33 0.35 0.37 0.39 0.41 0.43 0.45 0.47 0.49 0.51 0.53 0.55 0.57 0.59 0.61 0.63 0.64 0.66 0.67 0.69 0.70 0.71 0.72 0.73 0.73 0.74 0.75 0.75 0.76 0.76 0.76 0.76 0.76 0.76 0.76 0.75 0.75 0.75 0.74 0.74 0.73 0.72 0.72 0.71 0.70 0.69 0.68 0.67 0.66 0.65 0.65 0.64 0.63 0.62 0.62 0.62 0.59 0.67 0.65 0.78 0.89 1.31 2.39 0.00 0.00 
0.00 0.00 0.47 0.82 0.33 0.21 0.18 0.15 0.13 0.09 0.11 0.10 0.10 0.10 0.10 0.10 0.10 0.10 0.10 0.11 0.11 0.12 0.12 0.13 0.14 0.15 0.16 0.17 0.18 0.19 0.21 0.22 0.24 0.25 0.27 0.29 0.31 0.33 0.35 0.37 0.39 0.41 0.44 0.46 0.48 0.51 0.53 0.55 0.57 0.59 0.61 0.63 0.65 0.67 0.69 0.71 0.72 0.73 0.75 0.76 0.77 0.78 0.79 0.79 0.80 0.81 0.81 0.81 0.81 0.81 0.81 0.81 0.81 0.81 0.80 0.80 0.79 0.79 0.78 0.77 0.77 0.76 0.75 0.74 0.73 0.72 0.71 0.70 0.69 0.68 0.67 0.67 0.66 0.66 0.67 0.64 0.78 0.90 1.06 2.11 1.06 0.00 0.00 
0.00 0.00 0.00 0.87 0.52 0.29 0.21 0.17 0.14 0.13 0.12 0.11 0.10 0.10 0.10 0.10 0.10 0.10 0.11 0.11 0.12 0.12 0.13 0.14 0.15 0.16 0.17 0.18 0.19 0.20 0.22 0.23 0.25 0.27 0.29 0.31 0.33 0.35 0.37 0.39 0.42 0.44 0.46 0.49 0.51 0.54 0.56 0.58 0.61 0.63 0.65 0.67 0.69 0.71 0.73 0.75 0.76 0.78 0.79 0.80 0.81 0.82 0.83 0.84 0.85 0.85 0.86 0.86 0.86 0.86 0.86 0.86 0.86 0.85 0.85 0.85 0.84 0.83 0.83 0.82 0.81 0.80 0.79 0.78 0.77 0.76 0.75 0.74 0.73 0.72 0.72 0.71 0.71 0.74 0.75 0.77 0.89 1.05 1.60 2.08 0.00 0.00 0.00 
0.00 0.00 0.00 0.02 0.77 0.43 0.26 0.19 0.16 0.14 0.12 0.12 0.11 0.11 0.11 0.11 0.11 0.11 0.12 0.12 0.13 0.13 0.14 0.15 0.16 0.17 0.18 0.19 0.21 0.22 0.24 0.25 0.27 0.29 0.31 0.33 0.36 0.38 0.40 0.43 0.45 0.48 0.51 0.53 0.56 0.58 0.61 0.64 0.66 0.69 0.71 0.73 0.76 0.78 0.80 0.81 0.83 0.85 0.86 0.88 0.89 0.90 0.91 0.92 0.92 0.93 0.93 0.94 0.94 0.94 0.94 0.94 0.94 0.93 0.93 0.92 0.92 0.91 0.90 0.89 0.89 0.88 0.87 0.85 0.84 0.83 0.82 0.81 0.80 0.79 0.78 0.77 0.78 0.84 0.86 0.86 1.03 1.57 2.32 0.08 0.00 0.00 0.00 
0.00 0.00 0.00 0.00 0.02 0.56 0.46 0.27 0.20 0.17 0.15 0.14 0.14 0.13 0.13 0.13 0.14 0.14 0.14 0.15 0.16 0.16 0.17 0.18 0.19 0.21 0.22 0.24 0.25 0.27 0.29 0.31 0.33 0.36 0.38 0.41 0.44 0.46 0.49 0.52 0.56 0.59 0.62 0.65 0.68 0.72 0.75 0.78 0.81 0.84 0.87 0.90 0.93 0.95 0.97 1.00 1.02 1.04 1.06 1.07 1.09 1.10 1.11 1.12 1.13 1.14 1.14 1.15 1.15 1.15 1.15 1.15 1.15 1.14 1.14 1.13 1.12 1.11 1.11 1.10 1.08 1.07 1.06 1.05 1.03 1.02 1.01 0.99 0.98 0.97 0.96 0.95 0.95 1.00 1.02 1.23 2.00 1.99 0.08 0.00 0.00 0.00 0.00 
0.00 0.00 0.00 0.00 0.00 0.00 0.22 0.45 0.40 0.26 0.22 0.20 0.20 0.19 0.19 0.19 0.19 0.20 0.20 0.21 0.22 0.23 0.25 0.26 0.28 0.30 0.32 0.34 0.36 0.39 0.41 0.44 0.48 0.51 0.55 0.58 0.62 0.66 0.71 0.75 0.79 0.84 0.88 0.93 0.98 1.02 1.07 1.11 1.16 1.20 1.24 1.28 1.32 1.36 1.39 1.42 1.45 1.48 1.51 1.53 1.55 1.57 1.59 1.60 1.61 1.62 1.63 1.64 1.64 1.64 1.64 1.64 1.63 1.63 1.62 1.61 1.60 1.59 1.57 1.56 1.54 1.53 1.51 1.49 1.47 1.45 1.43 1.42 1.40 1.38 1.37 1.35 1.38 1.47 2.14 2.15 0.96 0.00 0.00 0.00 0.00 0.00 0.00 
0.00 0.00 0.00 0.00 0.00 0.00 0.00 0.00 0.09 0.24 0.27 0.27 0.26 0.26 0.25 0.25 0.26 0.26 0.27 0.28 0.30 0.31 0.33 0.35 0.37 0.39 0.42 0.45 0.48 0.51 0.55 0.59 0.63 0.68 0.73 0.78 0.83 0.88 0.94 1.00 1.06 1.12 1.18 1.24 1.30 1.36 1.42 1.48 1.54 1.59 1.65 1.70 1.75 1.80 1.84 1.89 1.93 1.96 2.00 2.03 2.05 2.08 2.10 2.12 2.13 2.15 2.16 2.16 2.17 2.17 2.17 2.17 2.16 2.15 2.14 2.13 2.12 2.10 2.08 2.06 2.04 2.02 2.00 1.97 1.95 1.92 1.90 1.87 1.85 1.83 1.81 1.79 1.69 1.38 0.48 0.00 0.00 0.00 0.00 0.00 0.00 0.00 0.00 
0.00 0.00 0.00 0.00 0.00 0.00 0.00 0.00 0.00 0.00 0.00 0.00 0.00 0.00 0.00 0.00 0.00 0.00 0.00 0.00 0.00 0.00 0.00 0.00 0.00 0.00 0.00 0.00 0.00 0.00 0.00 0.00 0.00 0.00 0.00 0.00 0.00 0.00 0.00 0.00 0.00 0.00 0.00 0.00 0.00 0.00 0.00 0.00 0.00 0.00 0.00 0.00 0.00 0.00 0.00 0.00 0.00 0.00 0.00 0.00 0.00 0.00 0.00 0.00 0.00 0.00 0.00 0.00 0.00 0.00 0.00 0.00 0.00 0.00 0.00 0.00 0.00 0.00 0.00 0.00 0.00 0.00 0.00 0.00 0.00 0.00 0.00 0.00 0.00 0.00 0.00 0.00 0.00 0.00 0.00 0.00 0.00 0.00 0.00 0.00 0.00 0.00 0.00 
