0.00 0.00 0.00 0.00 0.00 0.00 0.00 0.00 0.00 0.00 0.00 0.00 0.00 0.00 0.00 0.00 0.00 0.00 0.00 0.00 0.00 0.00 0.00 0.00 0.00 0.00 0.00 0.00 0.00 0.00 0.00 0.00 0.00 0.00 0.00 0.00 0.00 0.00 0.00 0.00 0.00 0.00 0.00 0.00 0.00 0.00 0.00 0.00 0.00 0.00 0.00 0.00 0.00 0.00 0.00 0.00 0.00 0.00 0.00 0.00 0.00 0.00 0.00 0.00 0.00 0.00 0.00 0.00 0.00 0.00 0.00 0.00 0.00 0.00 0.00 0.00 0.00 0.00 0.00 0.00 0.00 0.00 0.00 
0.00 0.00 0.00 0.00 0.00 0.00 0.00 0.00 0.00 0.00 0.00 0.47 0.46 0.45 0.43 0.42 0.42 0.41 0.41 0.41 0.41 0.41 0.41 0.42 0.42 0.43 0.43 0.44 0.45 0.45 0.46 0.47 0.48 0.49 0.50 0.52 0.53 0.54 0.56 0.58 0.60 0.62 0.64 0.66 0.69 0.71 0.74 0.77 0.80 0.84 0.88 0.91 0.95 0.99 1.02 1.05 1.08 1.09 1.10 1.10 1.08 1.06 1.03 0.99 0.95 0.90 0.86 0.81 0.77 0.73 0.70 0.67 0.66 0.00 0.00 0.00 0.00 0.00 0.00 0.00 0.00 0.00 0.00 
0.00 0.00 0.00 0.00 0.00 0.00 0.00 1.29 1.85 0.91 1.02 0.92 0.89 0.86 0.84 0.82 0.81 0.80 0.79 0.79 0.79 0.80 0.80 0.81 0.82 0.83 0.84 0.85 0.86 0.88 0.90 0.91 0.93 0.95 0.98 1.00 1.03 1.06 1.09 1.12 1.15 1.19 1.23 1.28 1.33 1.38 1.44 1.50 1.56 1.63 1.70 1.77 1.84 1.91 1.98 2.04 2.08 2.11 2.13 2.12 2.09 2.05 1.99 1.91 1.83 1.75 1.66 1.58 1.50 1.42 1.35 1.29 1.31 1.55 2.00 2.19 0.83 0.00 0.00 0.00 0.00 0.00 0.00 
0.00 0.00 0.00 0.00 0.00 0.00 1.87 1.08 0.94 0.67 0.50 0.75 0.73 0.70 0.68 0.67 0.66 0.65 0.65 0.65 0.65 0.65 0.65 0.66 0.67 0.67 0.68 0.69 0.70 0.72 0.73 0.75 0.76 0.78 0.80 0.82 0.84 0.86 0.89 0.91 0.94 0.97 1.01 1.04 1.08 1.13 1.17 1.22 1.28 1.33 1.39 1.45 1.51 1.57 1.62 1.67 1.71 1.73 1.74 1.73 1.71 1.67 1.61 1.55 1.48 1.41 1.34 1.27 1.21 1.15 1.09 1.05 1.06 0.77 1.00 1.33 1.99 1.96 0.06 0.00 0.00 0.00 0.00 
0.00 0.00 0.00 0.00 1.95 1.22 1.17 0.60 0.66 0.46 0.67 0.61 0.58 0.56 0.55 0.54 0.53 0.52 0.52 0.52 0.52 0.52 0.52 0.53 0.53 0.54 0.55 0.56 0.56 0.57 0.59 0.60 0.61 0.62 0.64 0.65 0.67 0.69 0.71 0.73 0.76 0.78 0.81 0.84 0.87 0.91 0.94 0.98 1.03 1.07 1.12 1.17 1.21 1.26 1.31 1.34 1.37 1.39 1.40 1.39 1.37 1.34 1.29 1.24 1.18 1.13 1.07 1.02 0.96 0.92 0.87 0.84 0.85 0.91 0.70 0.96 1.03 1.56 2.23 0.07 0.00 0.00 0.00 
0.00 0.00 0.00 0.00 1.38 1.18 0.94 0.49 0.60 0.41 0.30 0.59 0.57 0.55 0.53 0.52 0.51 0.51 0.50 0.50 0.50 0.50 0.51 0.51 0.52 0.52 0.53 0.54 0.55 0.56 0.57 0.58 0.59 0.60 0.62 0.63 0.65 0.67 0.69 0.71 0.73 0.76 0.78 0.81 0.84 0.88 0.91 0.95 0.99 1.04 1.08 1.13 1.18 1.22 1.27 1.30 1.33 1.35 1.36 1.35 1.33 1.29 1.25 1.20 1.15 1.09 1.04 0.98 0.93 0.89 0.85 0.81 0.79 0.47 0.64 0.84 0.81 1.09 1.56 2.00 0.00 0.00 0.00 
0.00 0.00 0.00 2.66 1.48 1.04 0.91 0.51 0.68 0.50 0.38 0.33 0.32 0.31 0.30 0.29 0.29 0.29 0.29 0.28 0.29 0.29 0.29 0.29 0.29 0.30 0.30 0.31 0.31 0.32 0.32 0.33 0.34 0.35 0.35 0.36 0.37 0.38 0.39 0.41 0.42 0.43 0.45 0.47 0.48 0.50 0.52 0.55 0.57 0.60 0.62 0.65 0.68 0.70 0.73 0.75 0.76 0.77 0.78 0.77 0.76 0.74 0.71 0.68 0.65 0.62 0.59 0.56 0.53 0.50 0.48 0.46 0.48 0.58 0.71 0.76 0.78 0.91 1.13 2.05 1.01 0.00 0.00 
0.00 0.00 2.32 1.75 0.87 0.62 0.55 0.69 0.39 0.29 0.54 0.52 0.50 0.48 0.47 0.46 0.45 0.44 0.44 0.44 0.44 0.44 0.45 0.45 0.45 0.46 0.47 0.47 0.48 0.49 0.50 0.51 0.52 0.53 0.54 0.56 0.57 0.59 0.61 0.62 0.64 0.67 0.69 0.71 0.74 0.77 0.80 0.84 0.87 0.91 0.95 0.99 1.03 1.07 1.11 1.14 1.17 1.18 1.19 1.18 1.17 1.14 1.10 1.06 1.01 0.97 0.92 0.87 0.83 0.79 0.75 0.72 0.69 0.68 0.41 0.66 0.75 0.82 0.95 1.34 2.31 0.00 0.00 
0.00 0.00 3.63 1.68 1.04 0.81 0.80 0.43 0.62 0.54 0.39 0.34 0.32 0.31 0.30 0.30 0.29 0.29 0.29 0.29 0.29 0.29 0.29 0.29 0.30 0.30 0.31 0.31 0.32 0.32 0.33 0.33 0.34 0.35 0.36 0.37 0.38 0.39 0.40 0.41 0.42 0.44 0.45 0.47 0.49 0.51 0.53 0.55 0.57 0.60 0.63 0.65 0.68 0.71 0.73 0.75 0.77 0.78 0.78 0.77 0.76 0.74 0.72 0.69 0.66 0.63 0.60 0.57 0.54 0.51 0.49 0.47 0.51 0.63 0.65 0.68 0.69 0.76 0.88 1.14 2.33 0.55 0.00 
0.00 0.00 1.99 1.34 0.81 0.61 0.63 0.35 0.57 0.32 0.25 0.23 0.22 0.21 0.21 0.20 0.20 0.20 0.20 0.20 0.20 0.20 0.20 0.20 0.20 0.20 0.21 0.21 0.21 0.22 0.22 0.23 0.23 0.24 0.24 0.25 0.26 0.26 0.27 0.28 0.29 0.30 0.31 0.32 0.33 0.35 0.36 0.38 0.40 0.41 0.43 0.45 0.47 0.49 0.51 0.52 0.53 0.54 0.54 0.53 0.52 0.50 0.48 0.46 0.44 0.42 0.39 0.37 0.36 0.34 0.33 0.31 0.31 0.37 0.61 0.65 0.55 0.75 0.86 1.05 1.66 1.60 0.00 
0.00 0.00 2.49 1.14 1.16 0.52 0.52 0.66 0.45 0.27 0.24 0.23 0.22 0.21 0.20 0.20 0.20 0.19 0.19 0.19 0.19 0.19 0.20 0.20 0.20 0.20 0.21 0.21 0.21 0.22 0.22 0.22 0.23 0.23 0.24 0.25 0.25 0.26 0.27 0.28 0.29 0.30 0.31 0.32 0.33 0.34 0.36 0.37 0.39 0.41 0.43 0.45 0.47 0.48 0.50 0.52 0.53 0.53 0.53 0.52 0.51 0.50 0.48 0.45 0.43 0.41 0.39 0.37 0.35 0.34 0.32 0.31 0.30 0.30 0.48 0.64 0.67 0.72 0.78 0.99 1.50 1.96 0.00 
0.00 0.00 2.43 1.11 1.13 0.52 0.48 0.66 0.41 0.27 0.24 0.46 0.45 0.43 0.42 0.41 0.40 0.40 0.40 0.40 0.40 0.40 0.40 0.41 0.41 0.42 0.42 0.43 0.43 0.44 0.45 0.46 0.47 0.48 0.49 0.50 0.52 0.53 0.55 0.56 0.58 0.60 0.62 0.65 0.67 0.70 0.73 0.76 0.79 0.83 0.86 0.90 0.94 0.98 1.01 1.04 1.06 1.08 1.08 1.07 1.05 1.02 0.99 0.95 0.90 0.86 0.82 0.78 0.74 0.70 0.67 0.65 0.63 0.30 0.43 0.64 0.67 0.71 0.79 0.98 1.46 2.09 0.00 
0.00 0.00 2.62 1.19 1.19 0.53 0.52 0.66 0.45 0.27 0.25 0.47 0.45 0.43 0.42 0.41 0.41 0.40 0.40 0.40 0.40 0.40 0.40 0.41 0.41 0.42 0.42 0.43 0.44 0.44 0.45 0.46 0.47 0.48 0.49 0.51 0.52 0.53 0.55 0.57 0.58 0.60 0.63 0.65 0.67 0.70 0.73 0.76 0.80 0.83 0.87 0.91 0.94 0.98 1.02 1.04 1.07 1.08 1.08 1.07 1.06 1.03 0.99 0.95 0.91 0.86 0.82 0.78 0.74 0.70 0.67 0.65 0.63 0.30 0.48 0.64 0.68 0.72 0.80 1.00 1.51 1.98 0.00 
0.00 0.00 3.21 1.44 1.30 0.63 0.63 0.67 0.57 0.32 0.25 0.23 0.22 0.21 0.21 0.20 0.20 0.20 0.20 0.20 0.20 0.20 0.20 0.20 0.20 0.20 0.21 0.21 0.21 0.22 0.22 0.23 0.23 0.24 0.24 0.25 0.26 0.26 0.27 0.28 0.29 0.30 0.31 0.32 0.33 0.35 0.36 0.38 0.40 0.41 0.43 0.45 0.47 0.49 0.51 0.52 0.53 0.54 0.54 0.53 0.52 0.50 0.48 0.46 0.44 0.42 0.40 0.38 0.36 0.34 0.33 0.32 0.31 0.32 0.61 0.65 0.68 0.75 0.86 1.06 1.62 1.61 0.00 
0.00 0.00 4.40 1.86 1.08 0.83 0.80 0.43 0.61 0.53 0.39 0.33 0.32 0.31 0.30 0.29 0.29 0.29 0.28 0.28 0.28 0.29 0.29 0.29 0.29 0.30 0.30 0.31 0.31 0.32 0.32 0.33 0.34 0.34 0.35 0.36 0.37 0.38 0.39 0.41 0.42 0.43 0.45 0.47 0.48 0.50 0.52 0.55 0.57 0.60 0.62 0.65 0.68 0.70 0.73 0.75 0.76 0.77 0.77 0.77 0.76 0.74 0.71 0.68 0.65 0.62 0.59 0.56 0.53 0.51 0.49 0.47 0.50 0.62 0.65 0.61 0.69 0.77 0.89 1.08 2.36 0.55 0.00 
0.00 0.00 5.35 2.58 1.51 1.11 0.88 0.69 0.65 0.58 0.53 0.50 0.48 0.46 0.45 0.44 0.44 0.43 0.43 0.43 0.43 0.43 0.43 0.44 0.44 0.45 0.46 0.46 0.47 0.48 0.49 0.50 0.51 0.52 0.53 0.55 0.56 0.58 0.59 0.61 0.63 0.65 0.68 0.70 0.73 0.76 0.79 0.82 0.86 0.90 0.94 0.98 1.02 1.06 1.10 1.13 1.15 1.17 1.17 1.16 1.14 1.11 1.07 1.03 0.98 0.93 0.89 0.84 0.80 0.76 0.73 0.70 0.68 0.67 0.62 0.69 0.66 0.79 0.89 1.30 2.36 0.00 0.00 
0.00 0.00 2.23 4.05 1.68 1.10 0.92 0.80 0.67 0.49 0.56 0.54 0.52 0.50 0.48 0.47 0.47 0.46 0.46 0.46 0.46 0.46 0.47 0.47 0.47 0.48 0.49 0.50 0.50 0.51 0.52 0.53 0.54 0.56 0.57 0.59 0.60 0.62 0.64 0.66 0.68 0.70 0.73 0.75 0.78 0.81 0.85 0.88 0.92 0.96 1.01 1.05 1.10 1.14 1.18 1.21 1.24 1.25 1.26 1.25 1.22 1.19 1.15 1.10 1.05 1.00 0.95 0.90 0.85 0.81 0.78 0.75 0.72 0.71 0.71 0.67 0.80 0.91 1.06 2.10 1.04 0.00 0.00 
0.00 0.00 0.00 4.15 2.61 1.50 1.09 0.89 0.74 0.68 0.61 0.57 0.54 0.52 0.51 0.50 0.49 0.49 0.49 0.48 0.49 0.49 0.49 0.50 0.50 0.51 0.52 0.52 0.53 0.54 0.55 0.56 0.58 0.59 0.60 0.62 0.64 0.65 0.67 0.69 0.72 0.74 0.77 0.80 0.83 0.86 0.90 0.94 0.98 1.02 1.07 1.11 1.16 1.21 1.25 1.28 1.31 1.33 1.33 1.32 1.29 1.26 1.21 1.16 1.11 1.05 1.00 0.95 0.90 0.86 0.82 0.79 0.77 0.79 0.79 0.80 0.91 1.06 1.60 2.06 0.00 0.00 0.00 
0.00 0.00 0.00 0.12 3.79 2.18 1.36 1.02 0.85 0.77 0.65 0.62 0.59 0.57 0.56 0.54 0.54 0.53 0.53 0.53 0.53 0.53 0.54 0.54 0.55 0.55 0.56 0.57 0.58 0.59 0.60 0.62 0.63 0.64 0.66 0.68 0.69 0.71 0.73 0.76 0.78 0.81 0.84 0.87 0.90 0.94 0.98 1.02 1.07 1.11 1.16 1.21 1.27 1.32 1.36 1.40 1.43 1.45 1.45 1.44 1.41 1.37 1.32 1.27 1.21 1.15 1.09 1.04 0.99 0.94 0.90 0.87 0.85 0.89 0.91 0.89 1.05 1.58 2.31 0.08 0.00 0.00 0.00 
0.00 0.00 0.00 0.00 0.12 2.83 2.43 1.41 1.08 0.92 0.81 0.76 0.72 0.70 0.68 0.67 0.66 0.65 0.65 0.65 0.65 0.65 0.66 0.66 0.67 0.68 0.69 0.70 0.71 0.72 0.74 0.75 0.77 0.79 0.81 0.83 0.85 0.87 0.90 0.93 0.96 0.99 1.03 1.06 1.11 1.15 1.20 1.25 1.31 1.37 1.43 1.49 1.55 1.61 1.67 1.72 1.75 1.77 1.78 1.76 1.73 1.68 1.62 1.55 1.48 1.41 1.33 1.27 1.21 1.15 1.10 1.06 1.04 1.07 1.07 1.27 2.03 2.00 0.08 0.00 0.00 0.00 0.00 
0.00 0.00 0.00 0.00 0.00 0.00 1.14 2.35 2.13 1.40 1.17 1.08 1.03 1.00 0.97 0.95 0.93 0.93 0.92 0.92 0.92 0.93 0.94 0.94 0.96 0.97 0.98 1.00 1.01 1.03 1.05 1.07 1.10 1.12 1.15 1.18 1.21 1.24 1.28 1.32 1.37 1.41 1.46 1.52 1.58 1.64 1.71 1.79 1.87 1.95 2.04 2.13 2.22 2.30 2.38 2.45 2.50 2.53 2.53 2.51 2.46 2.39 2.30 2.20 2.10 1.99 1.89 1.80 1.71 1.63 1.56 1.51 1.50 1.57 2.24 2.21 0.98 0.00 0.00 0.00 0.00 0.00 0.00 
0.00 0.00 0.00 0.00 0.00 0.00 0.00 0.00 0.48 1.28 1.46 1.45 1.38 1.33 1.29 1.26 1.24 1.23 1.22 1.22 1.22 1.23 1.24 1.25 1.27 1.28 1.30 1.32 1.34 1.37 1.39 1.42 1.45 1.49 1.52 1.56 1.60 1.65 1.70 1.75 1.81 1.87 1.94 2.01 2.09 2.18 2.27 2.37 2.48 2.59 2.71 2.84 2.96 3.07 3.18 3.27 3.33 3.36 3.36 3.32 3.25 3.15 3.02 2.89 2.75 2.61 2.47 2.35 2.23 2.13 2.04 1.97 1.81 1.45 0.50 0.00 0.00 0.00 0.00 0.00 0.00 0.00 0.00 
0.00 0.00 0.00 0.00 0.00 0.00 0.00 0.00 0.00 0.00 0.00 0.00 0.00 0.00 0.00 0.00 0.00 0.00 0.00 0.00 0.00 0.00 0.00 0.00 0.00 0.00 0.00 0.00 0.00 0.00 0.00 0.00 0.00 0.00 0.00 0.00 0.00 0.00 0.00 0.00 0.00 0.00 0.00 0.00 0.00 0.00 0.00 0.00 0.00 0.00 0.00 0.00 0.00 0.00 0.00 0.00 0.00 0.00 0.00 0.00 0.00 0.00 0.00 0.00 0.00 0.00 0.00 0.00 0.00 0.00 0.00 0.00 0.00 0.00 0.00 0.00 0.00 0.00 0.00 0.00 0.00 0.00 0.00 
