0.00 0.00 0.00 0.00 0.00 0.00 0.00 0.00 0.00 0.00 0.00 0.00 0.00 0.00 0.00 0.00 0.00 0.00 0.00 0.00 0.00 0.00 0.00 0.00 0.00 0.00 0.00 0.00 0.00 0.00 0.00 0.00 0.00 0.00 0.00 0.00 0.00 0.00 0.00 0.00 0.00 0.00 0.00 0.00 0.00 0.00 0.00 0.00 0.00 0.00 0.00 0.00 0.00 0.00 0.00 0.00 0.00 0.00 0.00 0.00 0.00 0.00 0.00 0.00 0.00 0.00 0.00 0.00 0.00 0.00 0.00 0.00 0.00 0.00 0.00 0.00 0.00 0.00 0.00 0.00 0.00 0.00 0.00 
0.00 0.00 0.00 0.00 0.00 0.00 0.00 0.00 0.00 0.00 0.00 0.88 0.84 0.78 0.73 0.69 0.66 0.63 0.61 0.59 0.58 0.56 0.55 0.55 0.54 0.54 0.53 0.53 0.53 0.53 0.53 0.53 0.53 0.53 0.53 0.53 0.53 0.53 0.53 0.53 0.53 0.53 0.53 0.53 0.52 0.52 0.52 0.52 0.52 0.52 0.52 0.51 0.51 0.51 0.51 0.51 0.50 0.50 0.50 0.49 0.49 0.49 0.49 0.48 0.48 0.47 0.47 0.47 0.46 0.46 0.46 0.46 0.46 0.00 0.00 0.00 0.00 0.00 0.00 0.00 0.00 0.00 0.00 
0.00 0.00 0.00 0.00 0.00 0.00 0.00 2.91 4.02 1.91 2.04 1.78 1.64 1.52 1.42 1.34 1.27 1.22 1.17 1.14 1.11 1.09 1.07 1.06 1.05 1.04 1.03 1.03 1.03 1.02 1.02 1.02 1.02 1.02 1.02 1.02 1.02 1.02 1.02 1.02 1.02 1.02 1.02 1.02 1.02 1.01 1.01 1.01 1.01 1.00 1.00 1.00 0.99 0.99 0.98 0.98 0.98 0.97 0.96 0.96 0.95 0.95 0.94 0.93 0.93 0.92 0.91 0.91 0.90 0.90 0.89 0.89 0.94 1.14 1.52 1.73 0.67 0.00 0.00 0.00 0.00 0.00 0.00 
0.00 0.00 0.00 0.00 0.00 0.00 4.44 2.49 2.08 1.42 1.02 1.44 1.34 1.25 1.16 1.09 1.04 0.99 0.96 0.93 0.91 0.89 0.87 0.86 0.85 0.85 0.84 0.84 0.84 0.83 0.83 0.83 0.83 0.83 0.83 0.83 0.83 0.83 0.83 0.83 0.83 0.83 0.83 0.83 0.83 0.83 0.82 0.82 0.82 0.82 0.82 0.81 0.81 0.81 0.80 0.80 0.79 0.79 0.79 0.78 0.78 0.77 0.77 0.76 0.76 0.75 0.75 0.74 0.74 0.73 0.73 0.72 0.76 0.57 0.77 1.05 1.62 1.64 0.05 0.00 0.00 0.00 0.00 
0.00 0.00 0.00 0.00 5.11 3.11 2.84 1.44 1.47 0.99 1.34 1.17 1.08 1.00 0.93 0.88 0.83 0.80 0.77 0.74 0.73 0.71 0.70 0.69 0.68 0.68 0.68 0.67 0.67 0.67 0.67 0.67 0.67 0.67 0.67 0.67 0.67 0.67 0.67 0.67 0.67 0.67 0.66 0.66 0.66 0.66 0.66 0.66 0.66 0.66 0.65 0.65 0.65 0.65 0.64 0.64 0.64 0.63 0.63 0.63 0.62 0.62 0.62 0.61 0.61 0.60 0.60 0.59 0.59 0.59 0.59 0.58 0.61 0.68 0.54 0.76 0.84 1.30 1.93 0.07 0.00 0.00 0.00 
0.00 0.00 0.00 0.00 3.72 3.05 2.32 1.22 1.34 0.89 0.63 1.13 1.05 0.97 0.90 0.85 0.81 0.77 0.74 0.72 0.70 0.69 0.68 0.67 0.66 0.66 0.65 0.65 0.65 0.65 0.65 0.65 0.65 0.65 0.65 0.65 0.65 0.65 0.65 0.65 0.65 0.64 0.64 0.64 0.64 0.64 0.64 0.64 0.64 0.64 0.63 0.63 0.63 0.63 0.62 0.62 0.62 0.61 0.61 0.61 0.60 0.60 0.60 0.59 0.59 0.58 0.58 0.58 0.57 0.57 0.57 0.57 0.57 0.36 0.49 0.67 0.66 0.91 1.35 1.78 0.00 0.00 0.00 
0.00 0.00 0.00 7.54 4.08 2.74 2.25 1.24 1.51 1.08 0.79 0.65 0.60 0.55 0.51 0.48 0.46 0.44 0.42 0.41 0.40 0.39 0.39 0.38 0.38 0.37 0.37 0.37 0.37 0.37 0.37 0.37 0.37 0.37 0.37 0.37 0.37 0.37 0.37 0.37 0.37 0.37 0.37 0.37 0.37 0.37 0.37 0.36 0.36 0.36 0.36 0.36 0.36 0.36 0.36 0.36 0.35 0.35 0.35 0.35 0.35 0.34 0.34 0.34 0.34 0.34 0.33 0.33 0.33 0.33 0.33 0.33 0.35 0.43 0.55 0.61 0.64 0.76 0.98 1.82 0.93 0.00 0.00 
0.00 0.00 6.94 5.16 2.52 1.71 1.43 1.62 0.91 0.65 1.10 1.00 0.92 0.85 0.79 0.75 0.71 0.68 0.65 0.63 0.62 0.61 0.60 0.59 0.58 0.58 0.58 0.57 0.57 0.57 0.57 0.57 0.57 0.57 0.57 0.57 0.57 0.57 0.57 0.57 0.57 0.57 0.57 0.57 0.57 0.57 0.56 0.56 0.56 0.56 0.56 0.56 0.55 0.55 0.55 0.55 0.54 0.54 0.54 0.54 0.53 0.53 0.52 0.52 0.52 0.51 0.51 0.51 0.50 0.50 0.50 0.50 0.50 0.51 0.32 0.52 0.62 0.69 0.82 1.19 2.13 0.00 0.00 
0.00 0.00 11.09 5.02 2.98 2.17 1.99 1.06 1.38 1.15 0.81 0.66 0.61 0.56 0.52 0.49 0.46 0.44 0.43 0.41 0.40 0.40 0.39 0.38 0.38 0.38 0.38 0.37 0.37 0.37 0.37 0.37 0.37 0.37 0.37 0.37 0.37 0.37 0.37 0.37 0.37 0.37 0.37 0.37 0.37 0.37 0.37 0.37 0.37 0.37 0.37 0.36 0.36 0.36 0.36 0.36 0.36 0.35 0.35 0.35 0.35 0.35 0.34 0.34 0.34 0.34 0.34 0.33 0.33 0.33 0.33 0.33 0.37 0.47 0.51 0.54 0.57 0.64 0.76 1.01 2.15 0.52 0.00 
0.00 0.00 6.26 4.13 2.43 1.72 1.60 0.87 1.28 0.71 0.53 0.47 0.42 0.38 0.36 0.33 0.32 0.30 0.29 0.28 0.27 0.27 0.26 0.26 0.26 0.26 0.26 0.25 0.25 0.25 0.25 0.25 0.25 0.25 0.25 0.25 0.25 0.25 0.25 0.25 0.25 0.25 0.25 0.25 0.25 0.25 0.25 0.25 0.25 0.25 0.25 0.25 0.25 0.25 0.25 0.24 0.24 0.24 0.24 0.24 0.24 0.24 0.24 0.23 0.23 0.23 0.23 0.23 0.23 0.23 0.23 0.23 0.23 0.28 0.47 0.52 0.45 0.63 0.74 0.93 1.52 1.52 0.00 
0.00 0.00 7.96 3.63 3.30 1.52 1.34 1.57 1.03 0.60 0.52 0.46 0.42 0.38 0.35 0.33 0.31 0.30 0.29 0.28 0.27 0.27 0.26 0.26 0.26 0.25 0.25 0.25 0.25 0.25 0.25 0.25 0.25 0.25 0.25 0.25 0.25 0.25 0.25 0.25 0.25 0.25 0.25 0.25 0.25 0.25 0.25 0.25 0.25 0.25 0.25 0.24 0.24 0.24 0.24 0.24 0.24 0.24 0.24 0.24 0.24 0.23 0.23 0.23 0.23 0.23 0.23 0.23 0.23 0.22 0.22 0.22 0.23 0.23 0.37 0.51 0.55 0.61 0.68 0.88 1.38 1.88 0.00 
0.00 0.00 7.88 3.56 3.25 1.52 1.26 1.56 0.94 0.60 0.52 0.90 0.84 0.77 0.72 0.68 0.64 0.61 0.59 0.57 0.56 0.55 0.54 0.53 0.53 0.52 0.52 0.52 0.51 0.51 0.51 0.51 0.51 0.51 0.51 0.51 0.51 0.51 0.51 0.51 0.51 0.51 0.51 0.51 0.51 0.51 0.51 0.51 0.51 0.50 0.50 0.50 0.50 0.50 0.50 0.49 0.49 0.49 0.49 0.48 0.48 0.48 0.47 0.47 0.47 0.47 0.46 0.46 0.46 0.46 0.45 0.45 0.46 0.23 0.33 0.51 0.55 0.60 0.68 0.87 1.35 2.00 0.00 
0.00 0.00 8.56 3.82 3.45 1.54 1.35 1.58 1.04 0.61 0.53 0.91 0.84 0.78 0.72 0.68 0.64 0.61 0.59 0.57 0.56 0.55 0.54 0.53 0.53 0.52 0.52 0.52 0.52 0.52 0.51 0.51 0.51 0.51 0.51 0.51 0.51 0.51 0.51 0.51 0.51 0.51 0.51 0.51 0.51 0.51 0.51 0.51 0.51 0.51 0.50 0.50 0.50 0.50 0.50 0.49 0.49 0.49 0.49 0.48 0.48 0.48 0.48 0.47 0.47 0.47 0.46 0.46 0.46 0.46 0.46 0.46 0.46 0.23 0.37 0.51 0.55 0.61 0.69 0.89 1.38 1.89 0.00 
0.00 0.00 10.54 4.61 3.77 1.80 1.63 1.60 1.31 0.71 0.53 0.47 0.42 0.39 0.36 0.33 0.32 0.30 0.29 0.28 0.27 0.27 0.26 0.26 0.26 0.26 0.26 0.25 0.25 0.25 0.25 0.25 0.25 0.25 0.25 0.25 0.25 0.25 0.25 0.25 0.25 0.25 0.25 0.25 0.25 0.25 0.25 0.25 0.25 0.25 0.25 0.25 0.25 0.25 0.25 0.24 0.24 0.24 0.24 0.24 0.24 0.24 0.24 0.23 0.23 0.23 0.23 0.23 0.23 0.23 0.23 0.23 0.23 0.24 0.47 0.52 0.55 0.63 0.75 0.94 1.49 1.53 0.00 
0.00 0.00 14.61 5.90 3.21 2.29 2.06 1.06 1.40 1.16 0.81 0.66 0.60 0.55 0.51 0.48 0.46 0.44 0.42 0.41 0.40 0.39 0.38 0.38 0.38 0.37 0.37 0.37 0.37 0.37 0.37 0.37 0.37 0.37 0.37 0.37 0.37 0.37 0.37 0.37 0.37 0.37 0.37 0.37 0.37 0.37 0.37 0.36 0.36 0.36 0.36 0.36 0.36 0.36 0.36 0.36 0.35 0.35 0.35 0.35 0.35 0.34 0.34 0.34 0.34 0.34 0.33 0.33 0.33 0.33 0.33 0.33 0.37 0.47 0.51 0.49 0.57 0.65 0.77 0.96 2.17 0.52 0.00 
0.00 0.00 18.13 8.22 4.51 3.07 2.27 1.69 1.48 1.27 1.11 0.99 0.90 0.83 0.77 0.73 0.69 0.66 0.64 0.62 0.60 0.59 0.58 0.57 0.57 0.56 0.56 0.56 0.56 0.56 0.56 0.56 0.56 0.56 0.56 0.56 0.56 0.56 0.56 0.56 0.56 0.56 0.55 0.55 0.55 0.55 0.55 0.55 0.55 0.55 0.55 0.54 0.54 0.54 0.54 0.54 0.53 0.53 0.53 0.52 0.52 0.52 0.52 0.51 0.51 0.51 0.50 0.50 0.50 0.50 0.49 0.49 0.50 0.51 0.48 0.55 0.54 0.67 0.77 1.15 2.17 0.00 0.00 
0.00 0.00 7.71 13.10 5.07 3.07 2.41 1.96 1.56 1.09 1.17 1.06 0.97 0.89 0.83 0.78 0.74 0.71 0.68 0.66 0.64 0.63 0.62 0.61 0.61 0.60 0.60 0.60 0.60 0.60 0.59 0.59 0.59 0.59 0.59 0.59 0.59 0.60 0.60 0.59 0.59 0.59 0.59 0.59 0.59 0.59 0.59 0.59 0.59 0.59 0.58 0.58 0.58 0.58 0.58 0.57 0.57 0.57 0.57 0.56 0.56 0.56 0.55 0.55 0.55 0.54 0.54 0.54 0.53 0.53 0.53 0.53 0.53 0.53 0.55 0.53 0.66 0.77 0.91 1.87 0.95 0.00 0.00 
0.00 0.00 0.00 13.58 7.94 4.25 2.88 2.22 1.73 1.50 1.27 1.12 1.02 0.94 0.88 0.82 0.78 0.75 0.72 0.70 0.68 0.67 0.66 0.65 0.64 0.64 0.63 0.63 0.63 0.63 0.63 0.63 0.63 0.63 0.63 0.63 0.63 0.63 0.63 0.63 0.63 0.63 0.63 0.63 0.63 0.63 0.62 0.62 0.62 0.62 0.62 0.62 0.61 0.61 0.61 0.61 0.60 0.60 0.60 0.59 0.59 0.59 0.58 0.58 0.58 0.57 0.57 0.57 0.57 0.56 0.56 0.56 0.57 0.60 0.61 0.64 0.75 0.89 1.38 1.83 0.00 0.00 0.00 
0.00 0.00 0.00 0.38 11.63 6.22 3.62 2.57 1.99 1.70 1.35 1.22 1.11 1.03 0.95 0.90 0.85 0.81 0.78 0.76 0.74 0.73 0.72 0.71 0.70 0.70 0.69 0.69 0.69 0.69 0.69 0.69 0.69 0.69 0.69 0.69 0.69 0.69 0.69 0.69 0.69 0.69 0.69 0.68 0.68 0.68 0.68 0.68 0.68 0.68 0.67 0.67 0.67 0.67 0.66 0.66 0.66 0.66 0.65 0.65 0.65 0.64 0.64 0.63 0.63 0.63 0.62 0.62 0.62 0.62 0.62 0.61 0.62 0.68 0.71 0.71 0.86 1.34 2.01 0.07 0.00 0.00 0.00 
0.00 0.00 0.00 0.00 0.37 8.20 6.49 3.54 2.54 2.05 1.70 1.50 1.37 1.26 1.17 1.10 1.04 1.00 0.96 0.93 0.91 0.89 0.88 0.87 0.86 0.85 0.85 0.84 0.84 0.84 0.84 0.84 0.84 0.84 0.84 0.84 0.84 0.84 0.84 0.84 0.84 0.84 0.84 0.84 0.84 0.84 0.83 0.83 0.83 0.83 0.83 0.82 0.82 0.82 0.81 0.81 0.81 0.80 0.80 0.79 0.79 0.79 0.78 0.78 0.77 0.77 0.76 0.76 0.76 0.76 0.75 0.75 0.77 0.82 0.84 1.02 1.68 1.69 0.07 0.00 0.00 0.00 0.00 
0.00 0.00 0.00 0.00 0.00 0.00 3.03 5.91 5.06 3.13 2.48 2.16 1.96 1.80 1.67 1.57 1.48 1.42 1.37 1.33 1.30 1.27 1.25 1.23 1.22 1.21 1.21 1.20 1.20 1.20 1.20 1.20 1.20 1.20 1.20 1.20 1.20 1.20 1.20 1.20 1.20 1.20 1.20 1.19 1.19 1.19 1.19 1.19 1.18 1.18 1.18 1.17 1.17 1.17 1.16 1.16 1.15 1.14 1.14 1.13 1.13 1.12 1.11 1.11 1.10 1.09 1.09 1.08 1.08 1.08 1.08 1.08 1.11 1.20 1.76 1.79 0.81 0.00 0.00 0.00 0.00 0.00 0.00 
0.00 0.00 0.00 0.00 0.00 0.00 0.00 0.00 1.14 2.91 3.12 2.93 2.64 2.41 2.23 2.09 1.98 1.89 1.82 1.76 1.72 1.69 1.66 1.64 1.62 1.61 1.60 1.59 1.59 1.59 1.58 1.58 1.58 1.58 1.58 1.58 1.58 1.58 1.58 1.58 1.58 1.58 1.58 1.58 1.58 1.57 1.57 1.57 1.56 1.56 1.56 1.55 1.55 1.54 1.53 1.53 1.52 1.51 1.51 1.50 1.49 1.48 1.47 1.47 1.46 1.45 1.44 1.44 1.43 1.43 1.43 1.43 1.36 1.12 0.40 0.00 0.00 0.00 0.00 0.00 0.00 0.00 0.00 
0.00 0.00 0.00 0.00 0.00 0.00 0.00 0.00 0.00 0.00 0.00 0.00 0.00 0.00 0.00 0.00 0.00 0.00 0.00 0.00 0.00 0.00 0.00 0.00 0.00 0.00 0.00 0.00 0.00 0.00 0.00 0.00 0.00 0.00 0.00 0.00 0.00 0.00 0.00 0.00 0.00 0.00 0.00 0.00 0.00 0.00 0.00 0.00 0.00 0.00 0.00 0.00 0.00 0.00 0.00 0.00 0.00 0.00 0.00 0.00 0.00 0.00 0.00 0.00 0.00 0.00 0.00 0.00 0.00 0.00 0.00 0.00 0.00 0.00 0.00 0.00 0.00 0.00 0.00 0.00 0.00 0.00 0.00 
