0.00 0.00 0.00 0.00 0.00 0.00 0.00 0.00 0.00 0.00 0.00 0.00 0.00 0.00 0.00 0.00 0.00 0.00 0.00 0.00 0.00 0.00 0.00 0.00 0.00 0.00 0.00 0.00 0.00 0.00 0.00 0.00 0.00 0.00 0.00 0.00 0.00 0.00 0.00 0.00 0.00 0.00 0.00 0.00 0.00 0.00 0.00 0.00 0.00 0.00 0.00 0.00 0.00 0.00 0.00 0.00 0.00 0.00 0.00 0.00 0.00 0.00 0.00 0.00 0.00 0.00 0.00 0.00 0.00 0.00 0.00 0.00 0.00 0.00 0.00 0.00 0.00 0.00 0.00 0.00 0.00 0.00 0.00 0.00 0.00 0.00 0.00 0.00 0.00 0.00 0.00 0.00 0.00 0.00 0.00 0.00 0.00 0.00 0.00 0.00 0.00 0.00 0.00 
0.00 0.00 0.00 0.00 0.00 0.00 0.00 0.00 0.00 0.00 0.00 0.61 0.59 0.56 0.54 0.52 0.51 0.50 0.49 0.49 0.49 0.49 0.49 0.49 0.50 0.51 0.51 0.52 0.53 0.54 0.55 0.56 0.57 0.59 0.60 0.62 0.63 0.65 0.67 0.68 0.70 0.72 0.74 0.77 0.79 0.81 0.83 0.85 0.87 0.89 0.91 0.92 0.93 0.94 0.94 0.94 0.93 0.92 0.91 0.89 0.87 0.85 0.83 0.81 0.79 0.77 0.75 0.73 0.71 0.70 0.68 0.67 0.66 0.64 0.63 0.62 0.61 0.60 0.59 0.58 0.58 0.57 0.56 0.55 0.54 0.54 0.53 0.52 0.51 0.51 0.50 0.49 0.49 0.00 0.00 0.00 0.00 0.00 0.00 0.00 0.00 0.00 0.00 
0.00 0.00 0.00 0.00 0.00 0.00 0.00 1.83 2.56 1.23 1.36 1.20 1.13 1.08 1.03 1.00 0.98 0.96 0.95 0.94 0.94 0.94 0.95 0.95 0.96 0.98 0.99 1.01 1.02 1.04 1.06 1.09 1.11 1.14 1.16 1.19 1.22 1.26 1.29 1.33 1.36 1.40 1.44 1.48 1.53 1.57 1.61 1.65 1.69 1.73 1.76 1.78 1.80 1.82 1.82 1.81 1.80 1.78 1.75 1.72 1.69 1.65 1.61 1.57 1.53 1.49 1.45 1.42 1.38 1.35 1.32 1.30 1.27 1.25 1.23 1.21 1.19 1.17 1.15 1.13 1.12 1.10 1.09 1.07 1.05 1.04 1.02 1.01 0.99 0.98 0.97 0.95 1.00 1.20 1.59 1.79 0.69 0.00 0.00 0.00 0.00 0.00 0.00 
0.00 0.00 0.00 0.00 0.00 0.00 2.70 1.55 1.32 0.91 0.67 0.99 0.94 0.89 0.85 0.82 0.80 0.79 0.78 0.77 0.77 0.77 0.77 0.78 0.79 0.80 0.81 0.82 0.84 0.85 0.87 0.89 0.91 0.93 0.95 0.97 1.00 1.02 1.05 1.08 1.11 1.14 1.18 1.21 1.25 1.28 1.32 1.35 1.38 1.41 1.44 1.46 1.47 1.48 1.48 1.48 1.46 1.45 1.42 1.40 1.37 1.33 1.30 1.27 1.23 1.20 1.17 1.14 1.12 1.09 1.07 1.05 1.03 1.01 0.99 0.98 0.96 0.95 0.93 0.92 0.91 0.89 0.88 0.87 0.86 0.85 0.83 0.82 0.81 0.80 0.79 0.78 0.81 0.60 0.80 1.09 1.66 1.67 0.05 0.00 0.00 0.00 0.00 
0.00 0.00 0.00 0.00 2.97 1.83 1.73 0.87 0.92 0.63 0.89 0.80 0.75 0.71 0.68 0.66 0.64 0.63 0.62 0.62 0.62 0.62 0.62 0.63 0.63 0.64 0.65 0.66 0.67 0.68 0.70 0.71 0.73 0.74 0.76 0.78 0.80 0.82 0.84 0.87 0.89 0.92 0.95 0.97 1.00 1.03 1.06 1.08 1.11 1.13 1.15 1.17 1.18 1.19 1.19 1.18 1.17 1.16 1.14 1.12 1.09 1.07 1.04 1.01 0.99 0.96 0.94 0.91 0.89 0.87 0.86 0.84 0.82 0.81 0.80 0.78 0.77 0.76 0.75 0.74 0.73 0.72 0.71 0.70 0.69 0.68 0.67 0.66 0.65 0.64 0.63 0.63 0.65 0.72 0.56 0.79 0.86 1.32 1.93 0.07 0.00 0.00 0.00 
0.00 0.00 0.00 0.00 2.12 1.80 1.39 0.73 0.84 0.56 0.41 0.77 0.73 0.69 0.66 0.64 0.62 0.61 0.60 0.60 0.60 0.60 0.60 0.61 0.61 0.62 0.63 0.64 0.65 0.66 0.68 0.69 0.70 0.72 0.74 0.76 0.78 0.80 0.82 0.84 0.87 0.89 0.92 0.94 0.97 1.00 1.02 1.05 1.08 1.10 1.12 1.13 1.14 1.15 1.15 1.15 1.14 1.12 1.10 1.08 1.06 1.03 1.01 0.98 0.96 0.93 0.91 0.89 0.87 0.85 0.83 0.81 0.80 0.78 0.77 0.76 0.75 0.74 0.72 0.71 0.70 0.69 0.69 0.68 0.67 0.66 0.65 0.64 0.63 0.62 0.61 0.61 0.61 0.37 0.51 0.69 0.68 0.93 1.35 1.75 0.00 0.00 0.00 
0.00 0.00 0.00 4.18 2.35 1.61 1.35 0.74 0.94 0.68 0.51 0.43 0.41 0.39 0.37 0.36 0.35 0.34 0.34 0.34 0.34 0.34 0.34 0.34 0.35 0.35 0.36 0.36 0.37 0.38 0.39 0.39 0.40 0.41 0.42 0.43 0.44 0.46 0.47 0.48 0.49 0.51 0.52 0.54 0.56 0.57 0.59 0.60 0.62 0.63 0.64 0.65 0.65 0.66 0.66 0.65 0.65 0.64 0.63 0.61 0.60 0.59 0.57 0.56 0.54 0.53 0.51 0.50 0.49 0.48 0.47 0.46 0.45 0.45 0.44 0.43 0.42 0.42 0.41 0.41 0.40 0.40 0.39 0.39 0.38 0.38 0.37 0.37 0.36 0.36 0.35 0.35 0.37 0.46 0.58 0.63 0.66 0.78 0.98 1.79 0.90 0.00 0.00 
0.00 0.00 3.73 2.88 1.43 0.98 0.84 0.98 0.55 0.40 0.72 0.67 0.63 0.60 0.58 0.56 0.54 0.53 0.53 0.52 0.52 0.52 0.53 0.53 0.54 0.54 0.55 0.56 0.57 0.58 0.59 0.61 0.62 0.63 0.65 0.67 0.68 0.70 0.72 0.74 0.76 0.78 0.81 0.83 0.85 0.88 0.90 0.92 0.94 0.96 0.98 1.00 1.01 1.01 1.01 1.01 1.00 0.99 0.97 0.95 0.93 0.91 0.89 0.87 0.84 0.82 0.80 0.78 0.77 0.75 0.73 0.72 0.70 0.69 0.68 0.67 0.66 0.65 0.64 0.63 0.62 0.61 0.60 0.60 0.59 0.58 0.57 0.56 0.56 0.55 0.54 0.53 0.53 0.54 0.33 0.54 0.63 0.70 0.82 1.17 2.04 0.00 0.00 
0.00 0.00 5.94 2.81 1.69 1.25 1.18 0.63 0.86 0.73 0.52 0.44 0.41 0.39 0.37 0.36 0.35 0.35 0.34 0.34 0.34 0.34 0.34 0.35 0.35 0.36 0.36 0.37 0.37 0.38 0.39 0.40 0.41 0.41 0.43 0.44 0.45 0.46 0.47 0.48 0.50 0.51 0.53 0.54 0.56 0.57 0.59 0.61 0.62 0.63 0.64 0.65 0.66 0.66 0.66 0.66 0.65 0.64 0.63 0.62 0.61 0.59 0.58 0.56 0.55 0.54 0.52 0.51 0.50 0.49 0.48 0.47 0.46 0.45 0.44 0.44 0.43 0.42 0.42 0.41 0.41 0.40 0.40 0.39 0.38 0.38 0.37 0.37 0.36 0.36 0.36 0.35 0.39 0.49 0.53 0.56 0.58 0.65 0.76 0.99 2.05 0.48 0.00 
0.00 0.00 3.32 2.30 1.37 0.98 0.94 0.51 0.79 0.44 0.33 0.30 0.28 0.27 0.25 0.25 0.24 0.24 0.23 0.23 0.23 0.23 0.23 0.24 0.24 0.24 0.25 0.25 0.25 0.26 0.27 0.27 0.28 0.28 0.29 0.30 0.31 0.31 0.32 0.33 0.34 0.35 0.36 0.37 0.38 0.39 0.40 0.42 0.42 0.43 0.44 0.45 0.45 0.45 0.45 0.45 0.44 0.43 0.43 0.42 0.41 0.40 0.39 0.38 0.37 0.36 0.35 0.34 0.33 0.33 0.32 0.31 0.31 0.30 0.30 0.29 0.29 0.29 0.28 0.28 0.27 0.27 0.27 0.26 0.26 0.26 0.25 0.25 0.25 0.25 0.24 0.24 0.24 0.29 0.49 0.53 0.46 0.64 0.74 0.92 1.46 1.41 0.00 
0.00 0.00 4.24 2.01 1.88 0.85 0.78 0.95 0.62 0.37 0.33 0.30 0.28 0.26 0.25 0.24 0.24 0.23 0.23 0.23 0.23 0.23 0.23 0.23 0.24 0.24 0.24 0.25 0.25 0.26 0.26 0.27 0.27 0.28 0.29 0.29 0.30 0.31 0.32 0.33 0.34 0.35 0.36 0.37 0.38 0.39 0.40 0.41 0.42 0.43 0.43 0.44 0.44 0.44 0.44 0.44 0.44 0.43 0.42 0.41 0.40 0.39 0.38 0.37 0.36 0.35 0.34 0.34 0.33 0.32 0.31 0.31 0.30 0.30 0.29 0.29 0.29 0.28 0.28 0.27 0.27 0.27 0.26 0.26 0.26 0.25 0.25 0.25 0.25 0.24 0.24 0.24 0.24 0.24 0.39 0.53 0.57 0.61 0.67 0.87 1.32 1.73 0.00 
0.00 0.00 4.19 1.96 1.83 0.85 0.72 0.94 0.56 0.37 0.33 0.60 0.57 0.54 0.52 0.50 0.49 0.48 0.48 0.47 0.47 0.47 0.48 0.48 0.49 0.49 0.50 0.51 0.52 0.53 0.54 0.55 0.56 0.57 0.59 0.60 0.62 0.63 0.65 0.67 0.69 0.71 0.73 0.75 0.77 0.79 0.81 0.84 0.85 0.87 0.89 0.90 0.91 0.91 0.91 0.91 0.90 0.89 0.87 0.85 0.83 0.81 0.79 0.77 0.75 0.73 0.72 0.70 0.68 0.67 0.65 0.64 0.63 0.62 0.61 0.60 0.59 0.58 0.57 0.57 0.56 0.55 0.54 0.54 0.53 0.52 0.52 0.51 0.50 0.50 0.49 0.49 0.49 0.24 0.35 0.53 0.57 0.61 0.68 0.86 1.29 1.83 0.00 
0.00 0.00 4.54 2.10 1.94 0.85 0.77 0.94 0.62 0.37 0.33 0.61 0.57 0.55 0.52 0.50 0.49 0.48 0.48 0.48 0.47 0.48 0.48 0.48 0.49 0.49 0.50 0.51 0.52 0.53 0.54 0.55 0.56 0.57 0.59 0.60 0.62 0.64 0.65 0.67 0.69 0.71 0.73 0.75 0.77 0.80 0.82 0.84 0.86 0.88 0.89 0.90 0.91 0.92 0.92 0.91 0.90 0.89 0.87 0.86 0.84 0.82 0.80 0.78 0.76 0.74 0.72 0.70 0.69 0.67 0.66 0.64 0.63 0.62 0.61 0.60 0.59 0.58 0.58 0.57 0.56 0.55 0.55 0.54 0.53 0.52 0.52 0.51 0.50 0.50 0.49 0.49 0.49 0.24 0.39 0.53 0.57 0.62 0.69 0.87 1.33 1.73 0.00 
0.00 0.00 5.57 2.52 2.11 0.99 0.93 0.96 0.79 0.43 0.33 0.30 0.28 0.27 0.25 0.25 0.24 0.24 0.23 0.23 0.23 0.23 0.23 0.24 0.24 0.24 0.25 0.25 0.25 0.26 0.27 0.27 0.28 0.28 0.29 0.30 0.31 0.31 0.32 0.33 0.34 0.35 0.36 0.37 0.38 0.39 0.41 0.42 0.42 0.43 0.44 0.45 0.45 0.45 0.45 0.45 0.44 0.43 0.43 0.42 0.41 0.40 0.39 0.38 0.37 0.36 0.35 0.34 0.33 0.33 0.32 0.31 0.31 0.30 0.30 0.29 0.29 0.29 0.28 0.28 0.27 0.27 0.27 0.26 0.26 0.26 0.26 0.25 0.25 0.25 0.25 0.24 0.24 0.25 0.49 0.54 0.57 0.64 0.75 0.92 1.43 1.41 0.00 
0.00 0.00 7.64 3.22 1.76 1.28 1.19 0.61 0.85 0.72 0.51 0.43 0.40 0.38 0.37 0.35 0.35 0.34 0.34 0.34 0.34 0.34 0.34 0.34 0.35 0.35 0.36 0.36 0.37 0.38 0.38 0.39 0.40 0.41 0.42 0.43 0.44 0.45 0.47 0.48 0.49 0.51 0.52 0.54 0.55 0.57 0.59 0.60 0.61 0.63 0.64 0.65 0.65 0.66 0.66 0.65 0.65 0.64 0.63 0.61 0.60 0.58 0.57 0.56 0.54 0.53 0.51 0.50 0.49 0.48 0.47 0.46 0.45 0.44 0.44 0.43 0.42 0.42 0.41 0.41 0.40 0.40 0.39 0.39 0.38 0.38 0.37 0.37 0.36 0.36 0.36 0.35 0.39 0.49 0.53 0.51 0.58 0.66 0.77 0.95 2.08 0.49 0.00 
0.00 0.00 9.70 4.50 2.49 1.72 1.31 0.99 0.90 0.79 0.71 0.65 0.61 0.58 0.56 0.54 0.53 0.52 0.51 0.51 0.51 0.51 0.51 0.52 0.52 0.53 0.54 0.55 0.56 0.57 0.58 0.59 0.61 0.62 0.64 0.65 0.67 0.69 0.71 0.73 0.75 0.77 0.79 0.81 0.84 0.86 0.88 0.91 0.93 0.95 0.96 0.98 0.99 0.99 0.99 0.99 0.98 0.96 0.95 0.93 0.91 0.88 0.86 0.84 0.82 0.80 0.78 0.76 0.74 0.72 0.71 0.70 0.68 0.67 0.66 0.65 0.64 0.63 0.62 0.61 0.61 0.60 0.59 0.58 0.57 0.57 0.56 0.55 0.55 0.54 0.53 0.53 0.53 0.53 0.51 0.57 0.56 0.68 0.77 1.13 2.08 0.00 0.00 
0.00 0.00 4.26 7.15 2.78 1.71 1.38 1.15 0.94 0.66 0.74 0.70 0.65 0.62 0.60 0.58 0.56 0.55 0.55 0.55 0.55 0.55 0.55 0.55 0.56 0.57 0.58 0.59 0.60 0.61 0.62 0.63 0.65 0.66 0.68 0.70 0.72 0.74 0.76 0.78 0.80 0.82 0.85 0.87 0.90 0.92 0.95 0.97 0.99 1.01 1.03 1.05 1.06 1.06 1.06 1.05 1.04 1.03 1.01 0.99 0.97 0.94 0.92 0.89 0.87 0.85 0.83 0.81 0.79 0.77 0.76 0.74 0.73 0.72 0.71 0.69 0.68 0.67 0.67 0.66 0.65 0.64 0.63 0.62 0.62 0.61 0.60 0.59 0.59 0.58 0.57 0.57 0.56 0.56 0.58 0.55 0.67 0.78 0.91 1.83 0.92 0.00 0.00 
0.00 0.00 0.00 7.62 4.37 2.37 1.64 1.29 1.03 0.92 0.81 0.73 0.69 0.66 0.63 0.61 0.59 0.58 0.58 0.58 0.58 0.58 0.58 0.59 0.59 0.60 0.61 0.62 0.63 0.64 0.66 0.67 0.69 0.70 0.72 0.74 0.76 0.78 0.80 0.82 0.85 0.87 0.90 0.92 0.95 0.98 1.00 1.03 1.05 1.07 1.09 1.11 1.12 1.12 1.12 1.11 1.10 1.09 1.07 1.05 1.02 1.00 0.97 0.94 0.92 0.90 0.87 0.85 0.83 0.82 0.80 0.78 0.77 0.76 0.75 0.73 0.72 0.71 0.70 0.69 0.68 0.68 0.67 0.66 0.65 0.64 0.63 0.63 0.62 0.61 0.61 0.60 0.60 0.63 0.64 0.66 0.77 0.91 1.38 1.80 0.00 0.00 0.00 
0.00 0.00 0.00 0.21 6.48 3.45 2.05 1.48 1.19 1.04 0.85 0.80 0.75 0.71 0.68 0.66 0.65 0.64 0.63 0.63 0.63 0.63 0.63 0.64 0.65 0.65 0.66 0.68 0.69 0.70 0.72 0.73 0.75 0.77 0.78 0.80 0.83 0.85 0.87 0.90 0.92 0.95 0.98 1.01 1.03 1.06 1.09 1.12 1.15 1.17 1.19 1.21 1.22 1.22 1.22 1.22 1.20 1.19 1.16 1.14 1.11 1.09 1.06 1.03 1.00 0.98 0.95 0.93 0.91 0.89 0.87 0.86 0.84 0.83 0.81 0.80 0.79 0.78 0.77 0.76 0.75 0.74 0.73 0.72 0.71 0.70 0.69 0.68 0.68 0.67 0.66 0.66 0.66 0.71 0.74 0.74 0.89 1.35 2.00 0.07 0.00 0.00 0.00 
0.00 0.00 0.00 0.00 0.21 4.58 3.66 2.04 1.51 1.25 1.07 0.97 0.92 0.87 0.84 0.81 0.79 0.78 0.77 0.77 0.77 0.77 0.77 0.78 0.79 0.80 0.81 0.83 0.84 0.86 0.88 0.90 0.92 0.94 0.96 0.99 1.01 1.04 1.07 1.10 1.13 1.16 1.20 1.23 1.27 1.30 1.34 1.37 1.40 1.43 1.46 1.48 1.49 1.50 1.50 1.49 1.47 1.45 1.43 1.40 1.36 1.33 1.29 1.26 1.23 1.20 1.17 1.14 1.11 1.09 1.07 1.05 1.03 1.01 0.99 0.98 0.97 0.95 0.94 0.93 0.91 0.90 0.89 0.88 0.87 0.86 0.85 0.84 0.83 0.82 0.81 0.81 0.81 0.86 0.88 1.05 1.72 1.72 0.07 0.00 0.00 0.00 0.00 
0.00 0.00 0.00 0.00 0.00 0.00 1.74 3.42 2.99 1.90 1.55 1.40 1.31 1.24 1.19 1.15 1.13 1.11 1.10 1.09 1.09 1.10 1.10 1.12 1.13 1.14 1.16 1.18 1.20 1.23 1.25 1.28 1.31 1.34 1.37 1.41 1.44 1.48 1.52 1.57 1.61 1.66 1.71 1.76 1.81 1.86 1.91 1.96 2.00 2.04 2.08 2.11 2.13 2.13 2.13 2.12 2.10 2.06 2.03 1.98 1.94 1.89 1.84 1.79 1.74 1.70 1.66 1.62 1.58 1.55 1.52 1.49 1.46 1.44 1.42 1.39 1.37 1.35 1.34 1.32 1.30 1.29 1.27 1.25 1.24 1.22 1.21 1.19 1.18 1.17 1.16 1.15 1.17 1.26 1.84 1.85 0.83 0.00 0.00 0.00 0.00 0.00 0.00 
0.00 0.00 0.00 0.00 0.00 0.00 0.00 0.00 0.68 1.77 1.95 1.89 1.76 1.66 1.59 1.54 1.50 1.48 1.46 1.46 1.46 1.46 1.47 1.48 1.50 1.52 1.54 1.57 1.60 1.63 1.66 1.70 1.73 1.77 1.82 1.86 1.91 1.96 2.02 2.08 2.14 2.20 2.26 2.33 2.40 2.47 2.53 2.60 2.66 2.71 2.76 2.79 2.81 2.82 2.82 2.80 2.76 2.72 2.67 2.61 2.54 2.48 2.41 2.35 2.29 2.23 2.18 2.13 2.08 2.04 2.00 1.96 1.92 1.89 1.86 1.84 1.81 1.79 1.76 1.74 1.72 1.70 1.68 1.66 1.64 1.62 1.60 1.58 1.56 1.55 1.53 1.52 1.44 1.18 0.41 0.00 0.00 0.00 0.00 0.00 0.00 0.00 0.00 
0.00 0.00 0.00 0.00 0.00 0.00 0.00 0.00 0.00 0.00 0.00 0.00 0.00 0.00 0.00 0.00 0.00 0.00 0.00 0.00 0.00 0.00 0.00 0.00 0.00 0.00 0.00 0.00 0.00 0.00 0.00 0.00 0.00 0.00 0.00 0.00 0.00 0.00 0.00 0.00 0.00 0.00 0.00 0.00 0.00 0.00 0.00 0.00 0.00 0.00 0.00 0.00 0.00 0.00 0.00 0.00 0.00 0.00 0.00 0.00 0.00 0.00 0.00 0.00 0.00 0.00 0.00 0.00 0.00 0.00 0.00 0.00 0.00 0.00 0.00 0.00 0.00 0.00 0.00 0.00 0.00 0.00 0.00 0.00 0.00 0.00 0.00 0.00 0.00 0.00 0.00 0.00 0.00 0.00 0.00 0.00 0.00 0.00 0.00 0.00 0.00 0.00 0.00 
