0.00 0.00 0.00 0.00 0.00 0.00 0.00 0.00 0.00 0.00 0.00 0.00 0.00 0.00 0.00 0.00 0.00 0.00 0.00 0.00 0.00 0.00 0.00 0.00 0.00 0.00 0.00 0.00 0.00 0.00 0.00 0.00 0.00 0.00 0.00 0.00 0.00 0.00 0.00 0.00 0.00 0.00 0.00 0.00 0.00 0.00 0.00 0.00 0.00 0.00 0.00 0.00 0.00 0.00 0.00 0.00 0.00 0.00 0.00 0.00 0.00 0.00 0.00 0.00 0.00 0.00 0.00 0.00 0.00 0.00 0.00 0.00 0.00 0.00 0.00 0.00 0.00 0.00 0.00 0.00 0.00 0.00 0.00 0.00 0.00 0.00 0.00 0.00 0.00 0.00 0.00 0.00 0.00 0.00 0.00 0.00 0.00 0.00 0.00 0.00 0.00 0.00 0.00 0.00 
0.00 0.00 0.00 0.00 0.00 0.00 0.00 0.00 0.00 0.00 0.00 0.00 0.00 0.00 0.00 0.00 0.00 0.00 0.00 0.00 0.00 0.00 0.00 0.00 0.00 0.00 0.00 0.00 0.00 0.00 0.00 0.00 0.00 0.00 0.00 0.00 0.00 0.00 0.00 0.00 0.00 0.00 0.00 0.00 0.00 0.00 0.00 0.00 0.00 0.00 0.00 0.00 0.00 0.00 0.00 0.00 0.00 0.00 0.00 0.00 0.00 0.00 0.00 0.00 0.00 0.00 0.00 0.00 0.00 0.00 0.00 0.00 0.00 0.00 0.00 0.00 0.00 0.00 0.00 0.00 0.00 0.00 0.00 0.00 0.00 0.00 0.00 0.00 0.00 0.00 0.00 0.00 0.00 0.00 0.00 0.00 0.00 0.00 0.00 0.00 0.00 0.00 0.00 0.00 
0.00 0.00 0.00 0.00 0.00 0.00 0.00 0.00 0.00 0.75 1.96 2.09 1.92 1.70 1.53 1.41 1.33 1.26 1.22 1.19 1.17 1.16 1.16 1.16 1.17 1.18 1.19 1.20 1.21 1.23 1.24 1.26 1.27 1.28 1.29 1.29 1.30 1.30 1.30 1.31 1.31 1.31 1.31 1.31 1.32 1.31 1.31 1.31 1.31 1.31 1.31 1.30 1.30 1.30 1.30 1.29 1.29 1.29 1.28 1.28 1.27 1.27 1.27 1.26 1.26 1.26 1.25 1.25 1.24 1.24 1.24 1.23 1.23 1.22 1.22 1.22 1.21 1.21 1.20 1.20 1.20 1.19 1.19 1.18 1.18 1.17 1.17 1.17 1.16 1.16 1.15 1.15 1.14 1.08 0.88 0.31 0.00 0.00 0.00 0.00 0.00 0.00 0.00 0.00 
0.00 0.00 0.00 0.00 0.00 0.00 0.00 2.34 4.36 3.56 2.16 1.68 1.42 1.26 1.14 1.05 0.99 0.95 0.91 0.89 0.88 0.87 0.87 0.87 0.88 0.89 0.90 0.91 0.92 0.93 0.94 0.95 0.96 0.96 0.97 0.97 0.98 0.98 0.98 0.99 0.99 0.99 0.99 0.99 0.99 0.99 0.99 0.99 0.99 0.99 0.99 0.98 0.98 0.98 0.98 0.97 0.97 0.97 0.97 0.96 0.96 0.96 0.96 0.95 0.95 0.95 0.94 0.94 0.94 0.93 0.93 0.93 0.93 0.92 0.92 0.92 0.91 0.91 0.91 0.91 0.90 0.90 0.90 0.89 0.89 0.89 0.88 0.88 0.88 0.87 0.87 0.86 0.86 0.88 0.97 1.36 1.36 0.60 0.00 0.00 0.00 0.00 0.00 0.00 
0.00 0.00 0.00 0.00 0.00 0.24 6.43 4.89 2.60 1.83 1.43 1.12 0.98 0.87 0.79 0.73 0.69 0.66 0.64 0.62 0.62 0.61 0.61 0.61 0.62 0.62 0.63 0.63 0.64 0.65 0.66 0.66 0.67 0.68 0.68 0.68 0.69 0.69 0.69 0.69 0.69 0.69 0.69 0.70 0.70 0.70 0.69 0.69 0.69 0.69 0.69 0.69 0.69 0.69 0.68 0.68 0.68 0.68 0.68 0.68 0.67 0.67 0.67 0.67 0.67 0.66 0.66 0.66 0.66 0.66 0.65 0.65 0.65 0.65 0.64 0.64 0.64 0.64 0.64 0.63 0.63 0.63 0.63 0.63 0.62 0.62 0.62 0.62 0.61 0.61 0.61 0.61 0.60 0.61 0.64 0.69 0.82 1.25 1.23 0.05 0.00 0.00 0.00 0.00 
0.00 0.00 0.00 0.00 0.32 9.61 4.57 2.48 1.85 1.46 1.19 0.89 0.79 0.71 0.64 0.60 0.56 0.54 0.52 0.51 0.50 0.50 0.50 0.50 0.50 0.51 0.51 0.52 0.52 0.53 0.54 0.54 0.55 0.55 0.55 0.56 0.56 0.56 0.56 0.56 0.56 0.57 0.57 0.57 0.57 0.57 0.57 0.57 0.56 0.56 0.56 0.56 0.56 0.56 0.56 0.56 0.56 0.55 0.55 0.55 0.55 0.55 0.55 0.54 0.54 0.54 0.54 0.54 0.54 0.53 0.53 0.53 0.53 0.53 0.53 0.52 0.52 0.52 0.52 0.52 0.52 0.51 0.51 0.51 0.51 0.51 0.50 0.50 0.50 0.50 0.50 0.49 0.49 0.50 0.53 0.55 0.60 0.70 0.97 1.40 0.05 0.00 0.00 0.00 
0.00 0.00 0.00 0.00 11.76 6.19 2.88 1.93 1.62 1.26 1.05 0.85 0.73 0.65 0.59 0.55 0.52 0.49 0.48 0.47 0.46 0.46 0.45 0.46 0.46 0.46 0.47 0.47 0.48 0.48 0.49 0.49 0.50 0.50 0.51 0.51 0.51 0.51 0.51 0.52 0.52 0.52 0.52 0.52 0.52 0.52 0.52 0.52 0.52 0.52 0.52 0.51 0.51 0.51 0.51 0.51 0.51 0.51 0.50 0.50 0.50 0.50 0.50 0.50 0.50 0.49 0.49 0.49 0.49 0.49 0.49 0.49 0.48 0.48 0.48 0.48 0.48 0.48 0.47 0.47 0.47 0.47 0.47 0.47 0.46 0.46 0.46 0.46 0.46 0.46 0.45 0.45 0.45 0.45 0.47 0.48 0.52 0.57 0.68 0.97 1.22 0.00 0.00 0.00 
0.00 0.00 0.00 8.84 11.98 4.33 2.50 1.89 1.50 1.13 0.93 0.80 0.70 0.62 0.56 0.52 0.49 0.47 0.45 0.44 0.43 0.43 0.43 0.43 0.43 0.44 0.44 0.45 0.45 0.46 0.46 0.47 0.47 0.47 0.48 0.48 0.48 0.48 0.48 0.48 0.49 0.49 0.49 0.49 0.49 0.49 0.49 0.49 0.49 0.49 0.48 0.48 0.48 0.48 0.48 0.48 0.48 0.48 0.48 0.47 0.47 0.47 0.47 0.47 0.47 0.47 0.46 0.46 0.46 0.46 0.46 0.46 0.46 0.45 0.45 0.45 0.45 0.45 0.45 0.44 0.44 0.44 0.44 0.44 0.44 0.44 0.43 0.43 0.43 0.43 0.43 0.42 0.42 0.42 0.42 0.43 0.47 0.50 0.57 0.70 1.24 0.60 0.00 0.00 
0.00 0.00 0.00 19.79 7.79 4.00 2.59 1.86 1.28 1.11 0.90 0.75 0.65 0.57 0.52 0.48 0.45 0.43 0.42 0.41 0.40 0.40 0.40 0.40 0.40 0.41 0.41 0.41 0.42 0.42 0.43 0.43 0.44 0.44 0.44 0.45 0.45 0.45 0.45 0.45 0.45 0.45 0.45 0.45 0.45 0.45 0.45 0.45 0.45 0.45 0.45 0.45 0.45 0.45 0.45 0.45 0.44 0.44 0.44 0.44 0.44 0.44 0.44 0.44 0.43 0.43 0.43 0.43 0.43 0.43 0.43 0.42 0.42 0.42 0.42 0.42 0.42 0.42 0.42 0.41 0.41 0.41 0.41 0.41 0.41 0.40 0.40 0.40 0.40 0.40 0.40 0.40 0.39 0.39 0.40 0.42 0.42 0.47 0.51 0.60 0.81 1.34 0.00 0.00 
0.00 0.00 6.67 20.17 6.73 3.72 2.38 1.70 1.34 1.05 0.79 0.70 0.62 0.56 0.50 0.46 0.44 0.42 0.40 0.39 0.39 0.38 0.38 0.38 0.39 0.39 0.39 0.40 0.40 0.41 0.41 0.42 0.42 0.42 0.43 0.43 0.43 0.43 0.43 0.44 0.44 0.44 0.44 0.44 0.44 0.44 0.44 0.44 0.44 0.44 0.43 0.43 0.43 0.43 0.43 0.43 0.43 0.43 0.43 0.42 0.42 0.42 0.42 0.42 0.42 0.42 0.42 0.41 0.41 0.41 0.41 0.41 0.41 0.41 0.41 0.40 0.40 0.40 0.40 0.40 0.40 0.40 0.39 0.39 0.39 0.39 0.39 0.39 0.39 0.38 0.38 0.38 0.38 0.37 0.38 0.39 0.42 0.43 0.47 0.54 0.68 1.34 0.30 0.00 
0.00 0.00 20.22 14.47 6.31 3.67 2.38 1.62 1.30 0.94 0.83 0.71 0.62 0.54 0.49 0.45 0.42 0.40 0.39 0.38 0.37 0.37 0.37 0.37 0.37 0.38 0.38 0.38 0.39 0.39 0.40 0.40 0.41 0.41 0.41 0.41 0.42 0.42 0.42 0.42 0.42 0.42 0.42 0.42 0.42 0.42 0.42 0.42 0.42 0.42 0.42 0.42 0.42 0.42 0.41 0.41 0.41 0.41 0.41 0.41 0.41 0.41 0.41 0.40 0.40 0.40 0.40 0.40 0.40 0.40 0.40 0.39 0.39 0.39 0.39 0.39 0.39 0.39 0.39 0.38 0.38 0.38 0.38 0.38 0.38 0.38 0.37 0.37 0.37 0.37 0.37 0.37 0.37 0.37 0.38 0.37 0.40 0.42 0.46 0.53 0.63 0.96 0.87 0.00 
0.00 0.00 25.35 13.23 5.72 3.38 2.42 1.63 1.27 0.93 0.82 0.70 0.60 0.53 0.48 0.44 0.42 0.40 0.38 0.38 0.37 0.37 0.37 0.37 0.37 0.37 0.37 0.38 0.38 0.39 0.39 0.40 0.40 0.40 0.41 0.41 0.41 0.41 0.41 0.41 0.41 0.41 0.41 0.42 0.42 0.42 0.41 0.41 0.41 0.41 0.41 0.41 0.41 0.41 0.41 0.41 0.41 0.41 0.40 0.40 0.40 0.40 0.40 0.40 0.40 0.40 0.39 0.39 0.39 0.39 0.39 0.39 0.39 0.39 0.39 0.38 0.38 0.38 0.38 0.38 0.38 0.38 0.37 0.37 0.37 0.37 0.37 0.37 0.37 0.36 0.36 0.36 0.36 0.36 0.37 0.37 0.39 0.42 0.45 0.49 0.60 0.86 1.06 0.00 
0.00 0.00 26.99 13.07 5.68 3.39 2.42 1.65 1.26 0.94 0.82 0.70 0.60 0.53 0.48 0.44 0.42 0.40 0.38 0.37 0.37 0.36 0.36 0.36 0.37 0.37 0.37 0.38 0.38 0.39 0.39 0.39 0.40 0.40 0.40 0.41 0.41 0.41 0.41 0.41 0.41 0.41 0.41 0.41 0.41 0.41 0.41 0.41 0.41 0.41 0.41 0.41 0.41 0.41 0.41 0.41 0.40 0.40 0.40 0.40 0.40 0.40 0.40 0.40 0.40 0.39 0.39 0.39 0.39 0.39 0.39 0.39 0.39 0.38 0.38 0.38 0.38 0.38 0.38 0.38 0.38 0.37 0.37 0.37 0.37 0.37 0.37 0.37 0.36 0.36 0.36 0.36 0.36 0.36 0.36 0.37 0.39 0.42 0.44 0.48 0.59 0.84 1.11 0.00 
0.00 0.00 25.56 13.40 5.87 3.47 2.43 1.64 1.28 0.94 0.82 0.70 0.60 0.53 0.48 0.44 0.42 0.40 0.38 0.38 0.37 0.37 0.37 0.37 0.37 0.37 0.37 0.38 0.38 0.39 0.39 0.40 0.40 0.40 0.41 0.41 0.41 0.41 0.41 0.41 0.41 0.41 0.41 0.42 0.42 0.42 0.41 0.41 0.41 0.41 0.41 0.41 0.41 0.41 0.41 0.41 0.41 0.41 0.40 0.40 0.40 0.40 0.40 0.40 0.40 0.40 0.39 0.39 0.39 0.39 0.39 0.39 0.39 0.39 0.39 0.38 0.38 0.38 0.38 0.38 0.38 0.38 0.37 0.37 0.37 0.37 0.37 0.37 0.37 0.36 0.36 0.36 0.36 0.36 0.37 0.37 0.39 0.42 0.44 0.49 0.60 0.86 1.06 0.00 
0.00 0.00 20.79 14.84 6.45 3.74 2.41 1.63 1.30 0.96 0.83 0.71 0.61 0.54 0.49 0.45 0.42 0.40 0.39 0.38 0.37 0.37 0.37 0.37 0.37 0.38 0.38 0.38 0.39 0.39 0.40 0.40 0.41 0.41 0.41 0.41 0.42 0.42 0.42 0.42 0.42 0.42 0.42 0.42 0.42 0.42 0.42 0.42 0.42 0.42 0.42 0.42 0.42 0.42 0.41 0.41 0.41 0.41 0.41 0.41 0.41 0.41 0.41 0.40 0.40 0.40 0.40 0.40 0.40 0.40 0.40 0.39 0.39 0.39 0.39 0.39 0.39 0.39 0.39 0.38 0.38 0.38 0.38 0.38 0.38 0.38 0.37 0.37 0.37 0.37 0.37 0.37 0.37 0.37 0.35 0.37 0.40 0.42 0.47 0.53 0.63 0.93 0.87 0.00 
0.00 0.00 7.04 20.89 6.97 3.83 2.43 1.73 1.35 1.06 0.82 0.70 0.62 0.55 0.50 0.46 0.44 0.42 0.40 0.39 0.39 0.38 0.38 0.38 0.39 0.39 0.39 0.40 0.40 0.41 0.41 0.42 0.42 0.42 0.43 0.43 0.43 0.43 0.43 0.44 0.44 0.44 0.44 0.44 0.44 0.44 0.44 0.44 0.44 0.44 0.43 0.43 0.43 0.43 0.43 0.43 0.43 0.43 0.43 0.42 0.42 0.42 0.42 0.42 0.42 0.42 0.42 0.41 0.41 0.41 0.41 0.41 0.41 0.41 0.41 0.40 0.40 0.40 0.40 0.40 0.40 0.40 0.40 0.39 0.39 0.39 0.39 0.39 0.39 0.38 0.38 0.38 0.38 0.37 0.38 0.39 0.38 0.43 0.47 0.54 0.64 1.34 0.30 0.00 
0.00 0.00 0.00 20.84 8.17 4.28 2.69 1.90 1.36 1.11 0.90 0.75 0.65 0.57 0.52 0.48 0.45 0.43 0.42 0.41 0.40 0.40 0.40 0.40 0.40 0.41 0.41 0.41 0.42 0.42 0.43 0.43 0.44 0.44 0.44 0.45 0.45 0.45 0.45 0.45 0.45 0.45 0.45 0.45 0.45 0.45 0.45 0.45 0.45 0.45 0.45 0.45 0.45 0.45 0.45 0.45 0.44 0.44 0.44 0.44 0.44 0.44 0.44 0.44 0.43 0.43 0.43 0.43 0.43 0.43 0.43 0.42 0.42 0.42 0.42 0.42 0.42 0.42 0.42 0.41 0.41 0.41 0.41 0.41 0.41 0.41 0.40 0.40 0.40 0.40 0.40 0.40 0.39 0.39 0.40 0.38 0.42 0.41 0.49 0.54 0.77 1.34 0.00 0.00 
0.00 0.00 0.00 9.23 12.62 5.02 2.96 2.01 1.51 1.15 0.93 0.80 0.70 0.62 0.56 0.52 0.49 0.47 0.45 0.44 0.43 0.43 0.43 0.43 0.43 0.44 0.44 0.45 0.45 0.46 0.46 0.47 0.47 0.47 0.48 0.48 0.48 0.48 0.48 0.48 0.49 0.49 0.49 0.49 0.49 0.49 0.49 0.49 0.49 0.49 0.48 0.48 0.48 0.48 0.48 0.48 0.48 0.48 0.48 0.47 0.47 0.47 0.47 0.47 0.47 0.47 0.46 0.46 0.46 0.46 0.46 0.46 0.46 0.45 0.45 0.45 0.45 0.45 0.45 0.44 0.44 0.44 0.44 0.44 0.44 0.44 0.43 0.43 0.43 0.43 0.43 0.42 0.42 0.42 0.42 0.43 0.41 0.49 0.56 0.64 1.24 0.60 0.00 0.00 
0.00 0.00 0.00 0.00 12.22 6.91 3.55 2.26 1.65 1.27 1.05 0.85 0.73 0.65 0.59 0.55 0.52 0.49 0.48 0.47 0.46 0.46 0.45 0.46 0.46 0.46 0.47 0.47 0.48 0.48 0.49 0.49 0.50 0.50 0.51 0.51 0.51 0.51 0.51 0.52 0.52 0.52 0.52 0.52 0.52 0.52 0.52 0.52 0.52 0.52 0.52 0.51 0.51 0.51 0.51 0.51 0.51 0.51 0.50 0.50 0.50 0.50 0.50 0.50 0.50 0.49 0.49 0.49 0.49 0.49 0.49 0.49 0.48 0.48 0.48 0.48 0.48 0.48 0.47 0.47 0.47 0.47 0.47 0.47 0.46 0.46 0.46 0.46 0.46 0.46 0.45 0.45 0.45 0.45 0.47 0.48 0.49 0.56 0.65 0.97 1.22 0.00 0.00 0.00 
0.00 0.00 0.00 0.00 0.42 10.00 5.05 2.81 1.93 1.47 1.19 0.91 0.79 0.71 0.64 0.60 0.56 0.54 0.52 0.51 0.50 0.50 0.50 0.50 0.50 0.51 0.51 0.52 0.52 0.53 0.54 0.54 0.55 0.55 0.55 0.56 0.56 0.56 0.56 0.56 0.56 0.57 0.57 0.57 0.57 0.57 0.57 0.57 0.56 0.56 0.56 0.56 0.56 0.56 0.56 0.56 0.56 0.55 0.55 0.55 0.55 0.55 0.55 0.54 0.54 0.54 0.54 0.54 0.54 0.53 0.53 0.53 0.53 0.53 0.53 0.52 0.52 0.52 0.52 0.52 0.52 0.51 0.51 0.51 0.51 0.51 0.50 0.50 0.50 0.50 0.50 0.49 0.49 0.49 0.53 0.55 0.55 0.65 0.97 1.40 0.05 0.00 0.00 0.00 
0.00 0.00 0.00 0.00 0.00 0.31 6.57 5.01 2.64 1.84 1.43 1.13 0.98 0.87 0.79 0.73 0.69 0.66 0.64 0.62 0.61 0.61 0.61 0.61 0.62 0.62 0.63 0.63 0.64 0.65 0.66 0.66 0.67 0.68 0.68 0.68 0.69 0.69 0.69 0.69 0.69 0.69 0.69 0.70 0.70 0.70 0.69 0.69 0.69 0.69 0.69 0.69 0.69 0.69 0.68 0.68 0.68 0.68 0.68 0.68 0.67 0.67 0.67 0.67 0.67 0.66 0.66 0.66 0.66 0.66 0.65 0.65 0.65 0.65 0.64 0.64 0.64 0.64 0.64 0.63 0.63 0.63 0.63 0.63 0.62 0.62 0.62 0.62 0.61 0.61 0.61 0.61 0.60 0.61 0.64 0.65 0.78 1.25 1.23 0.05 0.00 0.00 0.00 0.00 
0.00 0.00 0.00 0.00 0.00 0.00 0.00 2.38 4.45 3.57 2.16 1.67 1.42 1.26 1.14 1.05 0.99 0.95 0.91 0.89 0.88 0.87 0.87 0.87 0.88 0.89 0.90 0.91 0.92 0.93 0.94 0.95 0.96 0.96 0.97 0.97 0.98 0.98 0.98 0.99 0.99 0.99 0.99 0.99 0.99 0.99 0.99 0.99 0.99 0.99 0.99 0.98 0.98 0.98 0.98 0.97 0.97 0.97 0.97 0.96 0.96 0.96 0.96 0.95 0.95 0.95 0.94 0.94 0.94 0.93 0.93 0.93 0.93 0.92 0.92 0.92 0.91 0.91 0.91 0.91 0.90 0.90 0.90 0.89 0.89 0.89 0.88 0.88 0.88 0.87 0.87 0.86 0.86 0.88 0.94 1.36 1.36 0.60 0.00 0.00 0.00 0.00 0.00 0.00 
0.00 0.00 0.00 0.00 0.00 0.00 0.00 0.00 0.00 0.77 1.97 2.09 1.91 1.69 1.53 1.41 1.32 1.26 1.22 1.19 1.17 1.16 1.16 1.16 1.17 1.18 1.19 1.20 1.21 1.23 1.24 1.26 1.27 1.28 1.29 1.29 1.30 1.30 1.30 1.31 1.31 1.31 1.31 1.31 1.32 1.31 1.31 1.31 1.31 1.31 1.31 1.30 1.30 1.30 1.30 1.29 1.29 1.29 1.28 1.28 1.27 1.27 1.27 1.26 1.26 1.26 1.25 1.25 1.24 1.24 1.24 1.23 1.23 1.22 1.22 1.22 1.21 1.21 1.20 1.20 1.20 1.19 1.19 1.18 1.18 1.18 1.17 1.17 1.16 1.16 1.15 1.15 1.14 1.08 0.88 0.31 0.00 0.00 0.00 0.00 0.00 0.00 0.00 0.00 
0.00 0.00 0.00 0.00 0.00 0.00 0.00 0.00 0.00 0.00 0.00 0.00 0.00 0.00 0.00 0.00 0.00 0.00 0.00 0.00 0.00 0.00 0.00 0.00 0.00 0.00 0.00 0.00 0.00 0.00 0.00 0.00 0.00 0.00 0.00 0.00 0.00 0.00 0.00 0.00 0.00 0.00 0.00 0.00 0.00 0.00 0.00 0.00 0.00 0.00 0.00 0.00 0.00 0.00 0.00 0.00 0.00 0.00 0.00 0.00 0.00 0.00 0.00 0.00 0.00 0.00 0.00 0.00 0.00 0.00 0.00 0.00 0.00 0.00 0.00 0.00 0.00 0.00 0.00 0.00 0.00 0.00 0.00 0.00 0.00 0.00 0.00 0.00 0.00 0.00 0.00 0.00 0.00 0.00 0.00 0.00 0.00 0.00 0.00 0.00 0.00 0.00 0.00 0.00 
