0.00 0.00 0.00 0.00 0.00 0.00 0.00 0.00 0.00 0.00 0.00 0.00 0.00 0.00 0.00 0.00 0.00 0.00 0.00 0.00 0.00 0.00 0.00 0.00 0.00 0.00 0.00 0.00 0.00 0.00 0.00 0.00 0.00 0.00 0.00 0.00 0.00 0.00 0.00 0.00 0.00 0.00 0.00 0.00 0.00 0.00 0.00 0.00 0.00 0.00 0.00 0.00 0.00 0.00 0.00 0.00 0.00 0.00 0.00 0.00 0.00 0.00 0.00 0.00 0.00 0.00 0.00 0.00 0.00 0.00 0.00 0.00 0.00 0.00 0.00 0.00 0.00 0.00 0.00 0.00 0.00 0.00 0.00 0.00 0.00 0.00 0.00 0.00 0.00 0.00 0.00 0.00 0.00 0.00 0.00 0.00 0.00 0.00 0.00 0.00 0.00 0.00 0.00 0.00 
0.00 0.00 0.00 0.00 0.00 0.00 0.00 0.00 0.00 0.00 0.00 0.00 0.00 0.00 0.00 0.00 0.00 0.00 0.00 0.00 0.00 0.00 0.00 0.00 0.00 0.00 0.00 0.00 0.00 0.00 0.00 0.00 0.00 0.00 0.00 0.00 0.00 0.00 0.00 0.00 0.00 0.00 0.00 0.00 0.00 0.00 0.00 0.00 0.00 0.00 0.00 0.00 0.00 0.00 0.00 0.00 0.00 0.00 0.00 0.00 0.00 0.00 0.00 0.00 0.00 0.00 0.00 0.00 0.00 0.00 0.00 0.00 0.00 0.00 0.00 0.00 0.00 0.00 0.00 0.00 0.00 0.00 0.00 0.00 0.00 0.00 0.00 0.00 0.00 0.00 0.00 0.00 0.00 0.00 0.00 0.00 0.00 0.00 0.00 0.00 0.00 0.00 0.00 0.00 
0.00 0.00 0.00 0.00 0.00 0.00 0.00 0.00 0.00 0.41 1.13 1.28 1.25 1.17 1.12 1.08 1.06 1.05 1.05 1.05 1.06 1.07 1.09 1.11 1.13 1.15 1.18 1.21 1.23 1.27 1.30 1.33 1.36 1.39 1.43 1.46 1.50 1.54 1.57 1.62 1.66 1.70 1.75 1.80 1.86 1.91 1.97 2.04 2.10 2.17 2.24 2.31 2.37 2.44 2.50 2.55 2.59 2.61 2.61 2.60 2.57 2.52 2.45 2.37 2.29 2.20 2.11 2.02 1.93 1.86 1.78 1.72 1.66 1.60 1.55 1.51 1.47 1.43 1.40 1.38 1.35 1.33 1.31 1.29 1.27 1.26 1.24 1.23 1.22 1.20 1.19 1.18 1.17 1.10 0.90 0.31 0.00 0.00 0.00 0.00 0.00 0.00 0.00 0.00 
0.00 0.00 0.00 0.00 0.00 0.00 0.00 1.13 2.20 1.93 1.25 1.03 0.93 0.87 0.84 0.81 0.80 0.79 0.79 0.79 0.80 0.81 0.82 0.83 0.85 0.87 0.89 0.91 0.93 0.95 0.98 1.00 1.03 1.05 1.08 1.10 1.13 1.16 1.19 1.22 1.25 1.29 1.32 1.36 1.40 1.44 1.49 1.53 1.58 1.63 1.68 1.74 1.79 1.84 1.88 1.92 1.95 1.97 1.97 1.96 1.94 1.90 1.85 1.80 1.73 1.67 1.60 1.53 1.47 1.41 1.35 1.30 1.26 1.21 1.18 1.14 1.11 1.09 1.06 1.04 1.02 1.00 0.99 0.97 0.96 0.95 0.94 0.93 0.92 0.91 0.90 0.89 0.88 0.90 0.99 1.39 1.38 0.61 0.00 0.00 0.00 0.00 0.00 0.00 
0.00 0.00 0.00 0.00 0.00 0.10 2.84 2.32 1.32 0.99 0.82 0.69 0.64 0.61 0.58 0.57 0.56 0.55 0.55 0.55 0.56 0.56 0.57 0.58 0.60 0.61 0.62 0.64 0.65 0.67 0.69 0.70 0.72 0.74 0.76 0.77 0.79 0.81 0.83 0.85 0.88 0.90 0.93 0.95 0.98 1.01 1.04 1.07 1.11 1.14 1.18 1.22 1.25 1.29 1.32 1.34 1.36 1.38 1.38 1.37 1.36 1.33 1.30 1.26 1.22 1.17 1.12 1.08 1.03 0.99 0.95 0.91 0.88 0.85 0.83 0.80 0.78 0.76 0.75 0.73 0.72 0.70 0.69 0.68 0.67 0.67 0.66 0.65 0.64 0.64 0.63 0.63 0.62 0.62 0.65 0.70 0.83 1.26 1.24 0.05 0.00 0.00 0.00 0.00 
0.00 0.00 0.00 0.00 0.13 3.96 2.03 1.18 0.95 0.79 0.68 0.56 0.52 0.50 0.47 0.46 0.45 0.45 0.45 0.45 0.45 0.46 0.47 0.48 0.48 0.50 0.51 0.52 0.53 0.54 0.56 0.57 0.59 0.60 0.62 0.63 0.65 0.66 0.68 0.70 0.71 0.73 0.75 0.78 0.80 0.82 0.85 0.88 0.90 0.93 0.96 0.99 1.02 1.05 1.07 1.09 1.11 1.12 1.13 1.12 1.11 1.09 1.06 1.03 0.99 0.95 0.92 0.88 0.84 0.81 0.77 0.75 0.72 0.70 0.67 0.65 0.64 0.62 0.61 0.60 0.58 0.57 0.57 0.56 0.55 0.54 0.54 0.53 0.52 0.52 0.51 0.51 0.51 0.51 0.54 0.56 0.61 0.71 0.98 1.41 0.05 0.00 0.00 0.00 
0.00 0.00 0.00 0.00 4.52 2.54 1.28 0.92 0.83 0.68 0.60 0.52 0.48 0.45 0.44 0.42 0.42 0.41 0.41 0.41 0.42 0.42 0.43 0.43 0.44 0.45 0.46 0.47 0.49 0.50 0.51 0.52 0.54 0.55 0.56 0.58 0.59 0.60 0.62 0.64 0.65 0.67 0.69 0.71 0.73 0.75 0.78 0.80 0.83 0.85 0.88 0.91 0.93 0.96 0.98 1.00 1.02 1.03 1.03 1.03 1.01 0.99 0.97 0.94 0.91 0.87 0.84 0.80 0.77 0.74 0.71 0.68 0.66 0.63 0.61 0.60 0.58 0.57 0.56 0.54 0.53 0.52 0.52 0.51 0.50 0.50 0.49 0.48 0.48 0.47 0.47 0.47 0.46 0.46 0.48 0.49 0.52 0.58 0.68 0.98 1.23 0.00 0.00 0.00 
0.00 0.00 0.00 3.14 4.56 1.78 1.11 0.90 0.76 0.61 0.54 0.49 0.46 0.43 0.41 0.40 0.39 0.39 0.39 0.39 0.39 0.40 0.40 0.41 0.42 0.43 0.44 0.45 0.46 0.47 0.48 0.49 0.50 0.52 0.53 0.54 0.56 0.57 0.58 0.60 0.61 0.63 0.65 0.67 0.69 0.71 0.73 0.75 0.78 0.80 0.83 0.85 0.88 0.90 0.92 0.94 0.96 0.97 0.97 0.96 0.95 0.93 0.91 0.88 0.85 0.82 0.78 0.75 0.72 0.69 0.66 0.64 0.62 0.60 0.58 0.56 0.55 0.53 0.52 0.51 0.50 0.49 0.49 0.48 0.47 0.47 0.46 0.46 0.45 0.45 0.44 0.44 0.43 0.43 0.43 0.44 0.47 0.51 0.57 0.71 1.25 0.60 0.00 0.00 
0.00 0.00 0.00 7.01 2.98 1.65 1.15 0.88 0.65 0.60 0.52 0.46 0.42 0.40 0.38 0.37 0.36 0.36 0.36 0.36 0.36 0.37 0.37 0.38 0.39 0.40 0.41 0.42 0.43 0.44 0.45 0.46 0.47 0.48 0.49 0.50 0.52 0.53 0.54 0.56 0.57 0.59 0.60 0.62 0.64 0.66 0.68 0.70 0.72 0.75 0.77 0.79 0.82 0.84 0.86 0.88 0.89 0.90 0.90 0.90 0.89 0.87 0.85 0.82 0.79 0.76 0.73 0.70 0.67 0.64 0.62 0.60 0.57 0.56 0.54 0.52 0.51 0.50 0.49 0.48 0.47 0.46 0.45 0.45 0.44 0.43 0.43 0.42 0.42 0.42 0.41 0.41 0.40 0.40 0.41 0.42 0.43 0.47 0.52 0.61 0.82 1.35 0.00 0.00 
0.00 0.00 2.30 7.13 2.56 1.53 1.06 0.81 0.68 0.57 0.46 0.43 0.41 0.39 0.37 0.36 0.35 0.35 0.35 0.35 0.35 0.36 0.36 0.37 0.37 0.38 0.39 0.40 0.41 0.42 0.43 0.44 0.45 0.46 0.48 0.49 0.50 0.51 0.52 0.54 0.55 0.57 0.58 0.60 0.62 0.64 0.66 0.68 0.70 0.72 0.74 0.77 0.79 0.81 0.83 0.85 0.86 0.87 0.87 0.86 0.85 0.84 0.82 0.79 0.76 0.73 0.70 0.67 0.65 0.62 0.60 0.57 0.55 0.53 0.52 0.50 0.49 0.48 0.47 0.46 0.45 0.44 0.44 0.43 0.42 0.42 0.41 0.41 0.40 0.40 0.40 0.39 0.39 0.38 0.38 0.40 0.42 0.44 0.48 0.55 0.69 1.35 0.30 0.00 
0.00 0.00 7.04 5.11 2.40 1.51 1.06 0.77 0.66 0.51 0.48 0.43 0.40 0.37 0.36 0.35 0.34 0.34 0.34 0.34 0.34 0.34 0.35 0.35 0.36 0.37 0.38 0.39 0.40 0.40 0.41 0.43 0.44 0.45 0.46 0.47 0.48 0.49 0.50 0.52 0.53 0.55 0.56 0.58 0.59 0.61 0.63 0.65 0.67 0.69 0.72 0.74 0.76 0.78 0.80 0.82 0.83 0.84 0.84 0.83 0.82 0.81 0.78 0.76 0.73 0.70 0.67 0.65 0.62 0.59 0.57 0.55 0.53 0.51 0.50 0.48 0.47 0.46 0.45 0.44 0.43 0.42 0.42 0.41 0.41 0.40 0.40 0.39 0.39 0.39 0.38 0.38 0.38 0.37 0.39 0.38 0.40 0.42 0.47 0.53 0.64 0.96 0.87 0.00 
0.00 0.00 8.96 4.66 2.18 1.38 1.06 0.78 0.64 0.51 0.47 0.43 0.39 0.37 0.35 0.34 0.33 0.33 0.33 0.33 0.33 0.34 0.34 0.35 0.36 0.36 0.37 0.38 0.39 0.40 0.41 0.42 0.43 0.44 0.45 0.46 0.47 0.48 0.50 0.51 0.52 0.54 0.55 0.57 0.59 0.60 0.62 0.64 0.66 0.68 0.71 0.73 0.75 0.77 0.79 0.80 0.82 0.82 0.83 0.82 0.81 0.79 0.77 0.75 0.72 0.69 0.67 0.64 0.61 0.59 0.56 0.54 0.52 0.51 0.49 0.48 0.46 0.45 0.44 0.43 0.43 0.42 0.41 0.41 0.40 0.40 0.39 0.39 0.38 0.38 0.38 0.37 0.37 0.37 0.37 0.38 0.40 0.42 0.45 0.49 0.60 0.87 1.06 0.00 
0.00 0.00 9.62 4.60 2.17 1.39 1.05 0.78 0.64 0.52 0.47 0.43 0.39 0.37 0.35 0.34 0.33 0.33 0.33 0.33 0.33 0.34 0.34 0.35 0.35 0.36 0.37 0.38 0.39 0.40 0.41 0.42 0.43 0.44 0.45 0.46 0.47 0.48 0.49 0.51 0.52 0.54 0.55 0.57 0.58 0.60 0.62 0.64 0.66 0.68 0.70 0.72 0.75 0.77 0.78 0.80 0.81 0.82 0.82 0.82 0.81 0.79 0.77 0.75 0.72 0.69 0.66 0.64 0.61 0.58 0.56 0.54 0.52 0.50 0.49 0.47 0.46 0.45 0.44 0.43 0.42 0.42 0.41 0.41 0.40 0.39 0.39 0.39 0.38 0.38 0.37 0.37 0.37 0.37 0.37 0.38 0.39 0.42 0.45 0.49 0.59 0.85 1.12 0.00 
0.00 0.00 9.06 4.72 2.24 1.42 1.06 0.78 0.64 0.51 0.47 0.43 0.39 0.37 0.35 0.34 0.33 0.33 0.33 0.33 0.33 0.34 0.34 0.35 0.36 0.36 0.37 0.38 0.39 0.40 0.41 0.42 0.43 0.44 0.45 0.46 0.47 0.48 0.50 0.51 0.52 0.54 0.55 0.57 0.59 0.60 0.62 0.64 0.66 0.68 0.71 0.73 0.75 0.77 0.79 0.80 0.82 0.82 0.83 0.82 0.81 0.79 0.77 0.75 0.72 0.69 0.67 0.64 0.61 0.59 0.56 0.54 0.52 0.51 0.49 0.48 0.46 0.45 0.44 0.43 0.43 0.42 0.41 0.41 0.40 0.40 0.39 0.39 0.38 0.38 0.38 0.37 0.37 0.37 0.37 0.38 0.40 0.42 0.45 0.49 0.60 0.87 1.06 0.00 
0.00 0.00 7.27 5.22 2.44 1.53 1.06 0.78 0.66 0.52 0.48 0.43 0.40 0.37 0.36 0.35 0.34 0.34 0.33 0.34 0.34 0.34 0.35 0.35 0.36 0.37 0.38 0.39 0.40 0.40 0.41 0.43 0.44 0.45 0.46 0.47 0.48 0.49 0.50 0.52 0.53 0.55 0.56 0.58 0.59 0.61 0.63 0.65 0.67 0.69 0.72 0.74 0.76 0.78 0.80 0.82 0.83 0.84 0.84 0.83 0.82 0.81 0.78 0.76 0.73 0.70 0.67 0.65 0.62 0.59 0.57 0.55 0.53 0.51 0.50 0.48 0.47 0.46 0.45 0.44 0.43 0.42 0.42 0.41 0.41 0.40 0.40 0.39 0.39 0.39 0.38 0.38 0.38 0.37 0.35 0.38 0.40 0.42 0.47 0.53 0.64 0.93 0.87 0.00 
0.00 0.00 2.43 7.35 2.63 1.57 1.07 0.82 0.68 0.57 0.47 0.43 0.41 0.38 0.37 0.36 0.35 0.35 0.35 0.35 0.35 0.36 0.36 0.37 0.37 0.38 0.39 0.40 0.41 0.42 0.43 0.44 0.45 0.46 0.48 0.49 0.50 0.51 0.52 0.54 0.55 0.57 0.58 0.60 0.62 0.64 0.66 0.68 0.70 0.72 0.74 0.77 0.79 0.81 0.83 0.85 0.86 0.87 0.87 0.86 0.85 0.84 0.82 0.79 0.76 0.73 0.70 0.67 0.65 0.62 0.60 0.57 0.55 0.53 0.52 0.50 0.49 0.48 0.47 0.46 0.45 0.44 0.44 0.43 0.42 0.42 0.41 0.41 0.40 0.40 0.40 0.39 0.39 0.38 0.38 0.40 0.38 0.44 0.48 0.55 0.65 1.36 0.30 0.00 
0.00 0.00 0.00 7.33 3.09 1.74 1.18 0.89 0.69 0.60 0.52 0.46 0.42 0.40 0.38 0.37 0.36 0.36 0.36 0.36 0.36 0.37 0.37 0.38 0.39 0.40 0.41 0.42 0.43 0.44 0.45 0.46 0.47 0.48 0.49 0.50 0.52 0.53 0.54 0.56 0.57 0.59 0.60 0.62 0.64 0.66 0.68 0.70 0.72 0.75 0.77 0.79 0.82 0.84 0.86 0.88 0.89 0.90 0.90 0.90 0.89 0.87 0.85 0.82 0.79 0.76 0.73 0.70 0.67 0.64 0.62 0.60 0.57 0.56 0.54 0.52 0.51 0.50 0.49 0.48 0.47 0.46 0.45 0.45 0.44 0.43 0.43 0.42 0.42 0.42 0.41 0.41 0.40 0.40 0.41 0.38 0.43 0.41 0.49 0.55 0.78 1.35 0.00 0.00 
0.00 0.00 0.00 3.25 4.76 2.04 1.30 0.95 0.76 0.62 0.53 0.49 0.46 0.43 0.41 0.40 0.39 0.39 0.39 0.39 0.39 0.40 0.40 0.41 0.42 0.43 0.44 0.45 0.46 0.47 0.48 0.49 0.50 0.52 0.53 0.54 0.56 0.57 0.58 0.60 0.61 0.63 0.65 0.67 0.69 0.71 0.73 0.75 0.78 0.80 0.83 0.85 0.88 0.90 0.92 0.94 0.96 0.97 0.97 0.96 0.95 0.93 0.91 0.88 0.85 0.82 0.78 0.75 0.72 0.69 0.66 0.64 0.62 0.60 0.58 0.56 0.55 0.53 0.52 0.51 0.50 0.49 0.49 0.48 0.47 0.47 0.46 0.46 0.45 0.45 0.44 0.44 0.43 0.43 0.43 0.44 0.42 0.50 0.57 0.65 1.25 0.60 0.00 0.00 
0.00 0.00 0.00 0.00 4.65 2.81 1.56 1.07 0.84 0.68 0.60 0.52 0.48 0.45 0.43 0.42 0.41 0.41 0.41 0.41 0.42 0.42 0.43 0.43 0.44 0.45 0.46 0.47 0.49 0.50 0.51 0.52 0.54 0.55 0.56 0.58 0.59 0.60 0.62 0.64 0.65 0.67 0.69 0.71 0.73 0.75 0.78 0.80 0.83 0.85 0.88 0.91 0.93 0.96 0.98 1.00 1.02 1.03 1.03 1.03 1.01 0.99 0.97 0.94 0.91 0.87 0.84 0.80 0.77 0.74 0.71 0.68 0.66 0.63 0.61 0.60 0.58 0.57 0.56 0.54 0.53 0.52 0.52 0.51 0.50 0.50 0.49 0.49 0.48 0.48 0.47 0.47 0.46 0.46 0.48 0.49 0.50 0.57 0.66 0.98 1.23 0.00 0.00 0.00 
0.00 0.00 0.00 0.00 0.16 4.09 2.22 1.33 0.98 0.79 0.68 0.57 0.52 0.49 0.47 0.46 0.45 0.45 0.45 0.45 0.45 0.46 0.47 0.48 0.48 0.50 0.51 0.52 0.53 0.54 0.56 0.57 0.59 0.60 0.62 0.63 0.65 0.66 0.68 0.70 0.71 0.73 0.75 0.78 0.80 0.82 0.85 0.88 0.90 0.93 0.96 0.99 1.02 1.05 1.07 1.09 1.11 1.12 1.13 1.12 1.11 1.09 1.06 1.03 0.99 0.95 0.92 0.88 0.84 0.81 0.77 0.75 0.72 0.70 0.67 0.65 0.64 0.62 0.61 0.60 0.58 0.57 0.57 0.56 0.55 0.54 0.54 0.53 0.52 0.52 0.51 0.51 0.51 0.51 0.54 0.56 0.56 0.65 0.98 1.42 0.05 0.00 0.00 0.00 
0.00 0.00 0.00 0.00 0.00 0.13 2.88 2.37 1.33 0.99 0.82 0.70 0.64 0.61 0.58 0.57 0.56 0.55 0.55 0.55 0.56 0.56 0.57 0.58 0.59 0.61 0.62 0.64 0.65 0.67 0.69 0.70 0.72 0.74 0.75 0.77 0.79 0.81 0.83 0.85 0.88 0.90 0.93 0.95 0.98 1.01 1.04 1.07 1.11 1.14 1.18 1.22 1.25 1.29 1.32 1.34 1.36 1.38 1.38 1.37 1.36 1.33 1.30 1.26 1.22 1.17 1.12 1.08 1.03 0.99 0.95 0.91 0.88 0.85 0.83 0.80 0.78 0.76 0.75 0.73 0.72 0.70 0.69 0.68 0.67 0.67 0.66 0.65 0.64 0.64 0.63 0.63 0.62 0.62 0.65 0.66 0.79 1.27 1.24 0.05 0.00 0.00 0.00 0.00 
0.00 0.00 0.00 0.00 0.00 0.00 0.00 1.13 2.24 1.93 1.24 1.02 0.92 0.87 0.83 0.81 0.79 0.79 0.79 0.79 0.80 0.81 0.82 0.83 0.85 0.87 0.89 0.91 0.93 0.95 0.98 1.00 1.03 1.05 1.08 1.10 1.13 1.16 1.19 1.22 1.25 1.29 1.32 1.36 1.40 1.44 1.49 1.53 1.58 1.63 1.68 1.74 1.79 1.84 1.88 1.92 1.95 1.97 1.97 1.96 1.94 1.90 1.85 1.80 1.73 1.67 1.60 1.53 1.47 1.41 1.35 1.30 1.26 1.21 1.18 1.14 1.11 1.09 1.06 1.04 1.02 1.00 0.99 0.97 0.96 0.95 0.94 0.93 0.92 0.91 0.90 0.89 0.88 0.90 0.96 1.39 1.38 0.61 0.00 0.00 0.00 0.00 0.00 0.00 
0.00 0.00 0.00 0.00 0.00 0.00 0.00 0.00 0.00 0.43 1.14 1.27 1.24 1.17 1.11 1.08 1.06 1.05 1.05 1.05 1.06 1.07 1.09 1.10 1.13 1.15 1.18 1.21 1.23 1.26 1.30 1.33 1.36 1.39 1.43 1.46 1.50 1.54 1.57 1.62 1.66 1.70 1.75 1.80 1.86 1.91 1.97 2.04 2.10 2.17 2.24 2.31 2.37 2.44 2.50 2.55 2.59 2.61 2.61 2.60 2.57 2.52 2.45 2.37 2.29 2.20 2.11 2.02 1.93 1.86 1.78 1.72 1.66 1.60 1.55 1.51 1.47 1.43 1.40 1.38 1.35 1.33 1.31 1.29 1.27 1.26 1.24 1.23 1.22 1.20 1.19 1.18 1.17 1.10 0.90 0.31 0.00 0.00 0.00 0.00 0.00 0.00 0.00 0.00 
0.00 0.00 0.00 0.00 0.00 0.00 0.00 0.00 0.00 0.00 0.00 0.00 0.00 0.00 0.00 0.00 0.00 0.00 0.00 0.00 0.00 0.00 0.00 0.00 0.00 0.00 0.00 0.00 0.00 0.00 0.00 0.00 0.00 0.00 0.00 0.00 0.00 0.00 0.00 0.00 0.00 0.00 0.00 0.00 0.00 0.00 0.00 0.00 0.00 0.00 0.00 0.00 0.00 0.00 0.00 0.00 0.00 0.00 0.00 0.00 0.00 0.00 0.00 0.00 0.00 0.00 0.00 0.00 0.00 0.00 0.00 0.00 0.00 0.00 0.00 0.00 0.00 0.00 0.00 0.00 0.00 0.00 0.00 0.00 0.00 0.00 0.00 0.00 0.00 0.00 0.00 0.00 0.00 0.00 0.00 0.00 0.00 0.00 0.00 0.00 0.00 0.00 0.00 0.00 
