0.00 0.00 0.00 0.00 0.00 0.00 0.00 0.00 0.00 0.00 0.00 0.00 0.00 0.00 0.00 0.00 0.00 0.00 0.00 0.00 0.00 0.00 0.00 0.00 0.00 0.00 0.00 0.00 0.00 0.00 0.00 0.00 0.00 0.00 0.00 0.00 0.00 0.00 0.00 0.00 0.00 0.00 0.00 0.00 0.00 0.00 0.00 0.00 0.00 0.00 0.00 0.00 0.00 0.00 0.00 0.00 0.00 0.00 0.00 0.00 0.00 0.00 0.00 0.00 0.00 0.00 0.00 0.00 0.00 0.00 0.00 0.00 0.00 0.00 0.00 0.00 0.00 0.00 0.00 0.00 0.00 0.00 0.00 0.00 0.00 0.00 0.00 0.00 0.00 0.00 0.00 0.00 0.00 0.00 0.00 0.00 0.00 0.00 0.00 0.00 0.00 0.00 0.00 
0.00 0.00 0.00 0.00 0.00 0.00 0.00 0.00 0.00 0.00 0.00 0.48 0.47 0.46 0.44 0.43 0.43 0.42 0.42 0.42 0.42 0.42 0.42 0.42 0.42 0.43 0.43 0.44 0.44 0.45 0.45 0.46 0.46 0.47 0.48 0.49 0.49 0.50 0.51 0.52 0.53 0.54 0.56 0.57 0.58 0.60 0.62 0.63 0.65 0.67 0.70 0.72 0.75 0.78 0.81 0.84 0.87 0.91 0.95 0.99 1.03 1.08 1.12 1.16 1.19 1.21 1.23 1.23 1.22 1.20 1.17 1.14 1.09 1.05 1.00 0.95 0.90 0.86 0.82 0.78 0.75 0.72 0.69 0.67 0.64 0.62 0.60 0.58 0.57 0.55 0.54 0.53 0.52 0.00 0.00 0.00 0.00 0.00 0.00 0.00 0.00 0.00 0.00 
0.00 0.00 0.00 0.00 0.00 0.00 0.00 1.34 1.91 0.93 1.05 0.94 0.91 0.87 0.85 0.83 0.82 0.81 0.81 0.80 0.80 0.80 0.81 0.81 0.82 0.83 0.83 0.84 0.85 0.86 0.87 0.89 0.90 0.91 0.93 0.94 0.96 0.97 0.99 1.01 1.03 1.05 1.08 1.10 1.13 1.16 1.19 1.23 1.26 1.30 1.35 1.40 1.45 1.50 1.56 1.62 1.69 1.76 1.84 1.92 2.00 2.08 2.16 2.23 2.30 2.34 2.37 2.38 2.37 2.33 2.27 2.20 2.12 2.03 1.93 1.84 1.76 1.67 1.59 1.52 1.46 1.40 1.34 1.29 1.25 1.21 1.17 1.13 1.10 1.07 1.04 1.01 1.05 1.26 1.65 1.84 0.71 0.00 0.00 0.00 0.00 0.00 0.00 
0.00 0.00 0.00 0.00 0.00 0.00 1.94 1.12 0.97 0.69 0.51 0.77 0.75 0.72 0.70 0.68 0.67 0.66 0.66 0.66 0.66 0.66 0.66 0.66 0.67 0.67 0.68 0.69 0.70 0.70 0.71 0.72 0.73 0.74 0.76 0.77 0.78 0.79 0.81 0.82 0.84 0.86 0.88 0.90 0.92 0.95 0.97 1.00 1.03 1.06 1.10 1.14 1.18 1.23 1.28 1.33 1.38 1.44 1.51 1.57 1.64 1.71 1.77 1.83 1.88 1.92 1.94 1.95 1.93 1.90 1.85 1.78 1.71 1.63 1.56 1.48 1.41 1.34 1.28 1.22 1.17 1.13 1.08 1.04 1.01 0.97 0.94 0.92 0.89 0.87 0.85 0.83 0.85 0.63 0.83 1.12 1.69 1.68 0.05 0.00 0.00 0.00 0.00 
0.00 0.00 0.00 0.00 2.03 1.27 1.22 0.62 0.68 0.47 0.69 0.62 0.60 0.58 0.56 0.55 0.54 0.53 0.53 0.53 0.53 0.53 0.53 0.53 0.54 0.54 0.55 0.55 0.56 0.56 0.57 0.58 0.59 0.60 0.61 0.62 0.63 0.64 0.65 0.66 0.67 0.69 0.71 0.72 0.74 0.76 0.78 0.80 0.83 0.85 0.88 0.91 0.95 0.98 1.02 1.07 1.11 1.16 1.21 1.26 1.32 1.37 1.43 1.47 1.51 1.54 1.56 1.56 1.55 1.52 1.48 1.43 1.37 1.30 1.24 1.18 1.12 1.07 1.02 0.98 0.94 0.90 0.86 0.83 0.80 0.78 0.76 0.73 0.71 0.69 0.68 0.66 0.68 0.74 0.58 0.81 0.87 1.33 1.92 0.06 0.00 0.00 0.00 
0.00 0.00 0.00 0.00 1.44 1.24 0.98 0.52 0.62 0.42 0.31 0.60 0.58 0.56 0.54 0.53 0.52 0.52 0.51 0.51 0.51 0.51 0.51 0.52 0.52 0.52 0.53 0.53 0.54 0.55 0.55 0.56 0.57 0.58 0.59 0.60 0.61 0.62 0.63 0.64 0.65 0.67 0.68 0.70 0.72 0.74 0.76 0.78 0.80 0.83 0.86 0.89 0.92 0.95 0.99 1.03 1.08 1.12 1.17 1.23 1.28 1.33 1.38 1.43 1.47 1.50 1.51 1.51 1.50 1.47 1.43 1.38 1.32 1.26 1.20 1.14 1.09 1.04 0.99 0.95 0.91 0.87 0.84 0.81 0.78 0.75 0.73 0.71 0.69 0.67 0.66 0.64 0.64 0.39 0.53 0.71 0.69 0.93 1.35 1.73 0.00 0.00 0.00 
0.00 0.00 0.00 2.77 1.57 1.10 0.95 0.53 0.70 0.51 0.39 0.34 0.33 0.31 0.31 0.30 0.29 0.29 0.29 0.29 0.29 0.29 0.29 0.29 0.30 0.30 0.30 0.31 0.31 0.31 0.32 0.32 0.33 0.33 0.34 0.34 0.35 0.35 0.36 0.37 0.37 0.38 0.39 0.40 0.41 0.42 0.43 0.45 0.46 0.47 0.49 0.51 0.53 0.55 0.57 0.59 0.62 0.65 0.67 0.70 0.73 0.76 0.79 0.82 0.84 0.86 0.86 0.86 0.85 0.83 0.81 0.78 0.75 0.71 0.68 0.64 0.61 0.58 0.56 0.53 0.51 0.49 0.47 0.46 0.44 0.43 0.42 0.40 0.39 0.38 0.38 0.37 0.39 0.48 0.59 0.64 0.67 0.78 0.98 1.77 0.88 0.00 0.00 
0.00 0.00 2.41 1.87 0.93 0.66 0.58 0.71 0.40 0.30 0.55 0.53 0.50 0.49 0.47 0.46 0.46 0.45 0.45 0.45 0.45 0.45 0.45 0.45 0.46 0.46 0.46 0.47 0.48 0.48 0.49 0.49 0.50 0.51 0.52 0.52 0.53 0.54 0.55 0.56 0.58 0.59 0.60 0.62 0.63 0.65 0.67 0.68 0.71 0.73 0.75 0.78 0.81 0.84 0.87 0.91 0.95 0.99 1.03 1.08 1.12 1.17 1.21 1.25 1.29 1.31 1.33 1.33 1.32 1.29 1.26 1.22 1.17 1.12 1.07 1.02 0.97 0.92 0.88 0.84 0.80 0.77 0.74 0.72 0.69 0.67 0.65 0.63 0.61 0.59 0.58 0.57 0.56 0.56 0.34 0.55 0.64 0.71 0.82 1.16 2.00 0.00 0.00 
0.00 0.00 3.80 1.81 1.11 0.85 0.83 0.44 0.63 0.55 0.40 0.34 0.33 0.32 0.31 0.30 0.30 0.29 0.29 0.29 0.29 0.29 0.29 0.30 0.30 0.30 0.30 0.31 0.31 0.31 0.32 0.32 0.33 0.33 0.34 0.34 0.35 0.36 0.36 0.37 0.38 0.39 0.39 0.40 0.41 0.42 0.44 0.45 0.46 0.48 0.49 0.51 0.53 0.55 0.57 0.60 0.62 0.65 0.68 0.71 0.74 0.77 0.80 0.82 0.84 0.86 0.87 0.87 0.86 0.84 0.82 0.79 0.76 0.72 0.69 0.66 0.62 0.60 0.57 0.54 0.52 0.50 0.48 0.46 0.45 0.43 0.42 0.41 0.40 0.39 0.38 0.37 0.41 0.51 0.54 0.57 0.59 0.65 0.76 0.98 2.01 0.47 0.00 
0.00 0.00 2.09 1.46 0.88 0.65 0.66 0.36 0.58 0.33 0.25 0.24 0.22 0.22 0.21 0.21 0.20 0.20 0.20 0.20 0.20 0.20 0.20 0.20 0.20 0.21 0.21 0.21 0.21 0.22 0.22 0.22 0.22 0.23 0.23 0.23 0.24 0.24 0.25 0.25 0.26 0.26 0.27 0.28 0.28 0.29 0.30 0.31 0.32 0.33 0.34 0.35 0.36 0.38 0.39 0.41 0.43 0.45 0.47 0.49 0.51 0.53 0.55 0.57 0.58 0.59 0.60 0.59 0.58 0.57 0.55 0.53 0.50 0.48 0.45 0.43 0.41 0.39 0.37 0.36 0.34 0.33 0.32 0.31 0.30 0.29 0.28 0.27 0.27 0.26 0.26 0.25 0.25 0.30 0.51 0.55 0.47 0.64 0.74 0.91 1.43 1.36 0.00 
0.00 0.00 2.65 1.26 1.24 0.56 0.54 0.68 0.46 0.27 0.25 0.23 0.22 0.21 0.21 0.20 0.20 0.20 0.20 0.20 0.20 0.20 0.20 0.20 0.20 0.20 0.21 0.21 0.21 0.21 0.22 0.22 0.22 0.22 0.23 0.23 0.24 0.24 0.24 0.25 0.25 0.26 0.27 0.27 0.28 0.29 0.29 0.30 0.31 0.32 0.33 0.35 0.36 0.37 0.39 0.41 0.42 0.44 0.46 0.48 0.50 0.53 0.54 0.56 0.58 0.59 0.59 0.59 0.58 0.56 0.54 0.52 0.49 0.47 0.45 0.42 0.40 0.38 0.37 0.35 0.34 0.33 0.31 0.30 0.29 0.29 0.28 0.27 0.27 0.26 0.25 0.25 0.25 0.25 0.40 0.54 0.57 0.62 0.67 0.86 1.29 1.67 0.00 
0.00 0.00 2.60 1.22 1.20 0.55 0.50 0.68 0.41 0.27 0.25 0.47 0.46 0.44 0.43 0.42 0.41 0.41 0.41 0.40 0.40 0.41 0.41 0.41 0.41 0.42 0.42 0.42 0.43 0.43 0.44 0.45 0.45 0.46 0.47 0.47 0.48 0.49 0.50 0.51 0.52 0.53 0.54 0.56 0.57 0.58 0.60 0.62 0.64 0.66 0.68 0.71 0.73 0.76 0.79 0.82 0.86 0.90 0.94 0.98 1.02 1.06 1.10 1.14 1.17 1.19 1.20 1.20 1.19 1.16 1.13 1.09 1.04 0.99 0.94 0.90 0.86 0.81 0.78 0.74 0.71 0.69 0.66 0.64 0.62 0.60 0.58 0.56 0.55 0.54 0.52 0.51 0.51 0.25 0.36 0.54 0.57 0.61 0.68 0.85 1.26 1.77 0.00 
0.00 0.00 2.81 1.30 1.27 0.56 0.53 0.68 0.46 0.27 0.25 0.47 0.46 0.44 0.43 0.42 0.41 0.41 0.41 0.41 0.41 0.41 0.41 0.41 0.41 0.42 0.42 0.43 0.43 0.44 0.44 0.45 0.45 0.46 0.47 0.48 0.48 0.49 0.50 0.51 0.52 0.53 0.54 0.56 0.57 0.59 0.60 0.62 0.64 0.66 0.68 0.71 0.73 0.76 0.79 0.83 0.86 0.90 0.94 0.98 1.02 1.07 1.11 1.14 1.17 1.19 1.21 1.20 1.19 1.17 1.13 1.09 1.04 0.99 0.95 0.90 0.86 0.82 0.78 0.75 0.71 0.69 0.66 0.64 0.62 0.60 0.58 0.57 0.55 0.54 0.53 0.52 0.51 0.25 0.40 0.54 0.57 0.62 0.69 0.86 1.30 1.68 0.00 
0.00 0.00 3.44 1.57 1.39 0.66 0.65 0.69 0.58 0.32 0.25 0.23 0.22 0.22 0.21 0.20 0.20 0.20 0.20 0.20 0.20 0.20 0.20 0.20 0.20 0.21 0.21 0.21 0.21 0.22 0.22 0.22 0.22 0.23 0.23 0.23 0.24 0.24 0.25 0.25 0.26 0.26 0.27 0.28 0.28 0.29 0.30 0.31 0.32 0.33 0.34 0.35 0.36 0.38 0.39 0.41 0.43 0.45 0.47 0.49 0.51 0.53 0.55 0.57 0.58 0.59 0.60 0.59 0.58 0.57 0.55 0.53 0.50 0.48 0.45 0.43 0.41 0.39 0.37 0.36 0.34 0.33 0.32 0.31 0.30 0.29 0.28 0.28 0.27 0.26 0.26 0.26 0.25 0.26 0.50 0.55 0.58 0.65 0.75 0.91 1.40 1.37 0.00 
0.00 0.00 4.69 2.02 1.14 0.86 0.83 0.43 0.63 0.54 0.39 0.33 0.32 0.31 0.30 0.30 0.29 0.29 0.29 0.29 0.29 0.29 0.29 0.29 0.30 0.30 0.30 0.30 0.31 0.31 0.32 0.32 0.32 0.33 0.33 0.34 0.35 0.35 0.36 0.37 0.37 0.38 0.39 0.40 0.41 0.42 0.43 0.44 0.46 0.47 0.49 0.51 0.53 0.55 0.57 0.59 0.62 0.64 0.67 0.70 0.73 0.76 0.79 0.82 0.84 0.85 0.86 0.86 0.85 0.83 0.81 0.78 0.75 0.71 0.68 0.64 0.61 0.58 0.56 0.53 0.51 0.49 0.47 0.46 0.44 0.43 0.42 0.41 0.40 0.39 0.38 0.37 0.41 0.51 0.54 0.52 0.59 0.66 0.77 0.94 2.03 0.47 0.00 
0.00 0.00 5.88 2.81 1.61 1.16 0.91 0.71 0.66 0.59 0.54 0.51 0.49 0.47 0.46 0.45 0.44 0.44 0.44 0.44 0.44 0.44 0.44 0.44 0.45 0.45 0.45 0.46 0.46 0.47 0.48 0.48 0.49 0.50 0.51 0.51 0.52 0.53 0.54 0.55 0.56 0.58 0.59 0.60 0.62 0.63 0.65 0.67 0.69 0.71 0.74 0.77 0.79 0.82 0.86 0.89 0.93 0.97 1.02 1.06 1.11 1.15 1.19 1.23 1.27 1.29 1.30 1.30 1.29 1.26 1.22 1.18 1.13 1.08 1.02 0.97 0.93 0.88 0.84 0.80 0.77 0.74 0.71 0.69 0.67 0.65 0.63 0.61 0.60 0.58 0.57 0.56 0.55 0.55 0.52 0.59 0.56 0.68 0.77 1.12 2.04 0.00 0.00 
0.00 0.00 2.55 4.44 1.79 1.14 0.95 0.82 0.69 0.50 0.57 0.55 0.52 0.50 0.49 0.48 0.47 0.47 0.47 0.47 0.47 0.47 0.47 0.47 0.48 0.48 0.49 0.49 0.50 0.50 0.51 0.52 0.53 0.53 0.54 0.55 0.56 0.57 0.58 0.59 0.60 0.62 0.63 0.65 0.66 0.68 0.70 0.72 0.74 0.77 0.79 0.82 0.85 0.88 0.92 0.96 1.00 1.04 1.09 1.14 1.19 1.24 1.28 1.32 1.36 1.38 1.40 1.39 1.38 1.35 1.31 1.26 1.20 1.15 1.09 1.04 0.99 0.94 0.90 0.86 0.82 0.79 0.76 0.73 0.71 0.69 0.67 0.65 0.64 0.62 0.61 0.60 0.59 0.58 0.59 0.56 0.68 0.78 0.91 1.81 0.90 0.00 0.00 
0.00 0.00 0.00 4.69 2.80 1.58 1.13 0.91 0.76 0.69 0.62 0.58 0.55 0.53 0.52 0.51 0.50 0.50 0.49 0.49 0.49 0.49 0.50 0.50 0.51 0.51 0.51 0.52 0.53 0.53 0.54 0.55 0.56 0.56 0.57 0.58 0.59 0.60 0.61 0.63 0.64 0.65 0.67 0.68 0.70 0.72 0.74 0.76 0.78 0.81 0.84 0.87 0.90 0.93 0.97 1.01 1.06 1.10 1.15 1.20 1.26 1.31 1.36 1.40 1.44 1.46 1.48 1.47 1.46 1.42 1.38 1.33 1.27 1.21 1.15 1.09 1.04 0.99 0.94 0.90 0.87 0.83 0.80 0.78 0.75 0.73 0.71 0.69 0.67 0.66 0.64 0.63 0.63 0.65 0.66 0.67 0.78 0.91 1.38 1.78 0.00 0.00 0.00 
0.00 0.00 0.00 0.13 4.13 2.29 1.41 1.05 0.87 0.78 0.66 0.62 0.60 0.58 0.56 0.55 0.55 0.54 0.54 0.54 0.54 0.54 0.54 0.55 0.55 0.56 0.56 0.57 0.57 0.58 0.59 0.60 0.61 0.61 0.62 0.63 0.65 0.66 0.67 0.68 0.70 0.71 0.73 0.74 0.76 0.78 0.81 0.83 0.86 0.88 0.91 0.95 0.98 1.02 1.06 1.11 1.15 1.20 1.26 1.31 1.37 1.43 1.48 1.53 1.57 1.60 1.61 1.61 1.59 1.55 1.51 1.45 1.38 1.32 1.25 1.19 1.13 1.08 1.03 0.98 0.94 0.91 0.88 0.85 0.82 0.79 0.77 0.75 0.73 0.72 0.70 0.69 0.69 0.74 0.76 0.75 0.90 1.36 2.00 0.07 0.00 0.00 0.00 
0.00 0.00 0.00 0.00 0.13 3.01 2.50 1.44 1.10 0.93 0.82 0.76 0.73 0.71 0.69 0.68 0.67 0.66 0.66 0.66 0.66 0.66 0.66 0.67 0.67 0.68 0.69 0.70 0.70 0.71 0.72 0.73 0.74 0.75 0.76 0.78 0.79 0.80 0.82 0.84 0.85 0.87 0.89 0.91 0.94 0.96 0.99 1.02 1.05 1.08 1.12 1.16 1.20 1.25 1.30 1.36 1.41 1.48 1.54 1.61 1.68 1.75 1.81 1.87 1.92 1.96 1.97 1.97 1.94 1.90 1.84 1.77 1.69 1.61 1.53 1.46 1.38 1.32 1.26 1.20 1.15 1.11 1.07 1.03 1.00 0.97 0.95 0.92 0.90 0.88 0.86 0.85 0.85 0.89 0.90 1.07 1.74 1.72 0.07 0.00 0.00 0.00 0.00 
0.00 0.00 0.00 0.00 0.00 0.00 1.19 2.41 2.17 1.42 1.19 1.09 1.05 1.01 0.98 0.96 0.95 0.94 0.94 0.94 0.94 0.94 0.95 0.95 0.96 0.97 0.98 0.99 1.00 1.02 1.03 1.04 1.06 1.07 1.09 1.11 1.13 1.15 1.17 1.19 1.22 1.24 1.27 1.30 1.33 1.37 1.41 1.45 1.49 1.54 1.60 1.65 1.72 1.78 1.86 1.93 2.02 2.11 2.20 2.30 2.40 2.50 2.59 2.67 2.74 2.79 2.81 2.80 2.77 2.70 2.61 2.51 2.40 2.29 2.17 2.06 1.96 1.87 1.78 1.71 1.64 1.58 1.52 1.47 1.42 1.38 1.34 1.31 1.28 1.25 1.23 1.21 1.22 1.30 1.88 1.88 0.84 0.00 0.00 0.00 0.00 0.00 0.00 
0.00 0.00 0.00 0.00 0.00 0.00 0.00 0.00 0.49 1.31 1.48 1.47 1.40 1.35 1.31 1.28 1.26 1.25 1.25 1.25 1.25 1.25 1.26 1.27 1.28 1.29 1.30 1.31 1.33 1.35 1.36 1.38 1.40 1.42 1.44 1.47 1.49 1.52 1.55 1.58 1.61 1.65 1.68 1.72 1.77 1.81 1.87 1.92 1.98 2.05 2.12 2.19 2.28 2.37 2.47 2.57 2.68 2.80 2.93 3.06 3.20 3.33 3.45 3.56 3.65 3.71 3.73 3.71 3.65 3.56 3.43 3.29 3.14 2.98 2.83 2.69 2.56 2.44 2.33 2.23 2.14 2.06 1.99 1.93 1.87 1.82 1.77 1.72 1.68 1.65 1.62 1.59 1.49 1.21 0.42 0.00 0.00 0.00 0.00 0.00 0.00 0.00 0.00 
0.00 0.00 0.00 0.00 0.00 0.00 0.00 0.00 0.00 0.00 0.00 0.00 0.00 0.00 0.00 0.00 0.00 0.00 0.00 0.00 0.00 0.00 0.00 0.00 0.00 0.00 0.00 0.00 0.00 0.00 0.00 0.00 0.00 0.00 0.00 0.00 0.00 0.00 0.00 0.00 0.00 0.00 0.00 0.00 0.00 0.00 0.00 0.00 0.00 0.00 0.00 0.00 0.00 0.00 0.00 0.00 0.00 0.00 0.00 0.00 0.00 0.00 0.00 0.00 0.00 0.00 0.00 0.00 0.00 0.00 0.00 0.00 0.00 0.00 0.00 0.00 0.00 0.00 0.00 0.00 0.00 0.00 0.00 0.00 0.00 0.00 0.00 0.00 0.00 0.00 0.00 0.00 0.00 0.00 0.00 0.00 0.00 0.00 0.00 0.00 0.00 0.00 0.00 
