0.00 0.00 0.00 0.00 0.00 0.00 0.00 0.00 0.00 0.00 0.00 0.00 0.00 0.00 0.00 0.00 0.00 0.00 0.00 0.00 0.00 0.00 0.00 0.00 0.00 0.00 0.00 0.00 0.00 0.00 0.00 0.00 0.00 0.00 0.00 0.00 0.00 0.00 0.00 0.00 0.00 0.00 0.00 0.00 0.00 0.00 0.00 0.00 0.00 0.00 0.00 0.00 0.00 0.00 0.00 0.00 0.00 0.00 0.00 0.00 0.00 0.00 0.00 0.00 0.00 0.00 0.00 0.00 0.00 0.00 0.00 0.00 0.00 0.00 0.00 0.00 0.00 0.00 0.00 0.00 0.00 0.00 0.00 0.00 0.00 0.00 0.00 0.00 0.00 0.00 0.00 0.00 0.00 0.00 0.00 0.00 0.00 0.00 0.00 0.00 0.00 0.00 0.00 0.00 
0.00 0.00 0.00 0.00 0.00 0.00 0.00 0.00 0.00 0.00 0.00 0.00 0.00 0.00 0.00 0.00 0.00 0.00 0.00 0.00 0.00 0.00 0.00 0.00 0.00 0.00 0.00 0.00 0.00 0.00 0.00 0.00 0.00 0.00 0.00 0.00 0.00 0.00 0.00 0.00 0.00 0.00 0.00 0.00 0.00 0.00 0.00 0.00 0.00 0.00 0.00 0.00 0.00 0.00 0.00 0.00 0.00 0.00 0.00 0.00 0.00 0.00 0.00 0.00 0.00 0.00 0.00 0.00 0.00 0.00 0.00 0.00 0.00 0.00 0.00 0.00 0.00 0.00 0.00 0.00 0.00 0.00 0.00 0.00 0.00 0.00 0.00 0.00 0.00 0.00 0.00 0.00 0.00 0.00 0.00 0.00 0.00 0.00 0.00 0.00 0.00 0.00 0.00 0.00 
0.00 0.00 0.00 0.00 0.00 0.00 0.00 0.00 0.00 0.50 1.35 1.50 1.44 1.34 1.26 1.21 1.17 1.16 1.15 1.15 1.16 1.17 1.19 1.21 1.24 1.27 1.30 1.34 1.38 1.42 1.46 1.50 1.54 1.59 1.63 1.67 1.72 1.77 1.81 1.86 1.91 1.95 2.00 2.05 2.09 2.13 2.16 2.18 2.20 2.21 2.20 2.19 2.17 2.14 2.10 2.05 2.01 1.95 1.90 1.85 1.79 1.74 1.69 1.65 1.61 1.57 1.53 1.50 1.47 1.44 1.42 1.39 1.37 1.35 1.34 1.32 1.31 1.29 1.28 1.27 1.26 1.25 1.24 1.23 1.22 1.21 1.20 1.20 1.19 1.18 1.17 1.16 1.16 1.09 0.89 0.31 0.00 0.00 0.00 0.00 0.00 0.00 0.00 0.00 
0.00 0.00 0.00 0.00 0.00 0.00 0.00 1.42 2.73 2.34 1.49 1.21 1.07 0.99 0.94 0.90 0.88 0.87 0.86 0.86 0.87 0.88 0.90 0.91 0.93 0.96 0.98 1.01 1.04 1.07 1.10 1.13 1.16 1.20 1.23 1.26 1.30 1.33 1.37 1.40 1.44 1.47 1.51 1.54 1.57 1.60 1.63 1.64 1.66 1.66 1.66 1.65 1.64 1.62 1.59 1.55 1.52 1.48 1.44 1.40 1.36 1.32 1.28 1.25 1.22 1.19 1.16 1.13 1.11 1.09 1.07 1.05 1.04 1.02 1.01 1.00 0.99 0.98 0.97 0.96 0.95 0.94 0.94 0.93 0.92 0.91 0.91 0.90 0.90 0.89 0.88 0.88 0.87 0.89 0.98 1.38 1.37 0.60 0.00 0.00 0.00 0.00 0.00 0.00 
0.00 0.00 0.00 0.00 0.00 0.13 3.66 2.93 1.63 1.20 0.98 0.81 0.74 0.69 0.66 0.63 0.61 0.61 0.60 0.60 0.61 0.62 0.63 0.64 0.65 0.67 0.69 0.71 0.73 0.75 0.77 0.79 0.82 0.84 0.86 0.88 0.91 0.93 0.96 0.98 1.01 1.03 1.06 1.08 1.10 1.12 1.14 1.15 1.16 1.17 1.17 1.16 1.15 1.13 1.11 1.09 1.06 1.04 1.01 0.98 0.95 0.93 0.90 0.88 0.85 0.83 0.81 0.80 0.78 0.76 0.75 0.74 0.73 0.72 0.71 0.70 0.69 0.69 0.68 0.67 0.67 0.66 0.66 0.65 0.65 0.64 0.64 0.63 0.63 0.62 0.62 0.62 0.61 0.62 0.65 0.70 0.82 1.26 1.23 0.05 0.00 0.00 0.00 0.00 
0.00 0.00 0.00 0.00 0.17 5.21 2.61 1.49 1.17 0.96 0.82 0.65 0.60 0.56 0.53 0.51 0.50 0.49 0.49 0.49 0.50 0.50 0.51 0.52 0.53 0.55 0.56 0.58 0.59 0.61 0.63 0.65 0.66 0.68 0.70 0.72 0.74 0.76 0.78 0.80 0.82 0.84 0.86 0.88 0.90 0.91 0.93 0.94 0.95 0.95 0.95 0.95 0.94 0.92 0.91 0.89 0.87 0.85 0.82 0.80 0.78 0.75 0.73 0.71 0.70 0.68 0.66 0.65 0.64 0.62 0.61 0.60 0.59 0.59 0.58 0.57 0.56 0.56 0.55 0.55 0.54 0.54 0.53 0.53 0.53 0.52 0.52 0.52 0.51 0.51 0.51 0.50 0.50 0.50 0.54 0.55 0.61 0.71 0.98 1.41 0.05 0.00 0.00 0.00 
0.00 0.00 0.00 0.00 6.07 3.35 1.65 1.16 1.02 0.83 0.72 0.61 0.56 0.52 0.49 0.47 0.46 0.45 0.45 0.45 0.45 0.46 0.47 0.48 0.49 0.50 0.51 0.53 0.54 0.56 0.57 0.59 0.61 0.63 0.64 0.66 0.68 0.70 0.71 0.73 0.75 0.77 0.79 0.81 0.82 0.84 0.85 0.86 0.87 0.87 0.87 0.86 0.86 0.84 0.83 0.81 0.79 0.77 0.75 0.73 0.71 0.69 0.67 0.65 0.64 0.62 0.61 0.59 0.58 0.57 0.56 0.55 0.54 0.53 0.53 0.52 0.52 0.51 0.51 0.50 0.50 0.49 0.49 0.48 0.48 0.48 0.47 0.47 0.47 0.47 0.46 0.46 0.46 0.46 0.47 0.48 0.52 0.57 0.68 0.97 1.23 0.00 0.00 0.00 
0.00 0.00 0.00 4.31 6.14 2.34 1.43 1.14 0.94 0.74 0.64 0.58 0.53 0.49 0.46 0.44 0.43 0.43 0.42 0.42 0.43 0.43 0.44 0.45 0.46 0.47 0.48 0.50 0.51 0.53 0.54 0.56 0.57 0.59 0.60 0.62 0.64 0.65 0.67 0.69 0.71 0.72 0.74 0.76 0.77 0.79 0.80 0.81 0.81 0.82 0.82 0.81 0.80 0.79 0.78 0.76 0.74 0.73 0.71 0.69 0.67 0.65 0.63 0.61 0.60 0.58 0.57 0.56 0.55 0.54 0.53 0.52 0.51 0.50 0.50 0.49 0.49 0.48 0.48 0.47 0.47 0.46 0.46 0.46 0.45 0.45 0.45 0.44 0.44 0.44 0.43 0.43 0.43 0.43 0.42 0.44 0.47 0.50 0.57 0.70 1.25 0.60 0.00 0.00 
0.00 0.00 0.00 9.65 4.01 2.16 1.48 1.11 0.80 0.73 0.62 0.54 0.49 0.45 0.43 0.41 0.40 0.40 0.39 0.39 0.40 0.40 0.41 0.42 0.43 0.44 0.45 0.46 0.48 0.49 0.50 0.52 0.53 0.55 0.56 0.58 0.59 0.61 0.62 0.64 0.66 0.67 0.69 0.70 0.72 0.73 0.74 0.75 0.76 0.76 0.76 0.76 0.75 0.74 0.73 0.71 0.69 0.68 0.66 0.64 0.62 0.60 0.59 0.57 0.56 0.54 0.53 0.52 0.51 0.50 0.49 0.48 0.47 0.47 0.46 0.46 0.45 0.45 0.44 0.44 0.43 0.43 0.43 0.42 0.42 0.42 0.42 0.41 0.41 0.41 0.40 0.40 0.40 0.40 0.40 0.42 0.43 0.47 0.52 0.60 0.81 1.35 0.00 0.00 
0.00 0.00 3.24 9.85 3.45 2.01 1.36 1.02 0.84 0.69 0.55 0.51 0.47 0.44 0.41 0.40 0.39 0.38 0.38 0.38 0.38 0.39 0.39 0.40 0.41 0.42 0.43 0.45 0.46 0.47 0.48 0.50 0.51 0.53 0.54 0.56 0.57 0.59 0.60 0.62 0.63 0.65 0.67 0.68 0.69 0.71 0.72 0.73 0.73 0.73 0.73 0.73 0.72 0.71 0.70 0.68 0.67 0.65 0.63 0.62 0.60 0.58 0.57 0.55 0.54 0.52 0.51 0.50 0.49 0.48 0.47 0.46 0.46 0.45 0.45 0.44 0.44 0.43 0.43 0.42 0.42 0.42 0.41 0.41 0.41 0.40 0.40 0.40 0.40 0.39 0.39 0.39 0.38 0.38 0.38 0.40 0.42 0.43 0.48 0.55 0.69 1.35 0.30 0.00 
0.00 0.00 9.95 7.06 3.23 1.98 1.36 0.97 0.81 0.62 0.57 0.51 0.46 0.43 0.40 0.39 0.38 0.37 0.37 0.37 0.37 0.37 0.38 0.39 0.40 0.41 0.42 0.43 0.44 0.45 0.47 0.48 0.49 0.51 0.52 0.54 0.55 0.56 0.58 0.60 0.61 0.63 0.64 0.65 0.67 0.68 0.69 0.70 0.70 0.71 0.71 0.70 0.69 0.68 0.67 0.66 0.64 0.62 0.61 0.59 0.57 0.56 0.54 0.53 0.51 0.50 0.49 0.48 0.47 0.46 0.45 0.45 0.44 0.43 0.43 0.42 0.42 0.41 0.41 0.41 0.40 0.40 0.40 0.39 0.39 0.39 0.39 0.38 0.38 0.38 0.38 0.37 0.37 0.37 0.38 0.38 0.40 0.42 0.47 0.53 0.63 0.96 0.87 0.00 
0.00 0.00 12.69 6.44 2.94 1.82 1.37 0.98 0.80 0.62 0.57 0.50 0.45 0.42 0.40 0.38 0.37 0.36 0.36 0.36 0.36 0.37 0.38 0.38 0.39 0.40 0.41 0.42 0.43 0.45 0.46 0.47 0.49 0.50 0.51 0.53 0.54 0.56 0.57 0.59 0.60 0.62 0.63 0.65 0.66 0.67 0.68 0.69 0.69 0.70 0.70 0.69 0.68 0.68 0.66 0.65 0.63 0.62 0.60 0.58 0.57 0.55 0.53 0.52 0.51 0.49 0.48 0.47 0.46 0.46 0.45 0.44 0.43 0.43 0.42 0.42 0.41 0.41 0.40 0.40 0.40 0.39 0.39 0.39 0.39 0.38 0.38 0.38 0.37 0.37 0.37 0.37 0.37 0.37 0.37 0.38 0.39 0.42 0.45 0.49 0.60 0.87 1.06 0.00 
0.00 0.00 13.65 6.35 2.92 1.83 1.36 0.99 0.79 0.63 0.57 0.50 0.45 0.42 0.39 0.38 0.37 0.36 0.36 0.36 0.36 0.37 0.37 0.38 0.39 0.40 0.41 0.42 0.43 0.45 0.46 0.47 0.48 0.50 0.51 0.53 0.54 0.55 0.57 0.58 0.60 0.61 0.63 0.64 0.66 0.67 0.68 0.69 0.69 0.69 0.69 0.69 0.68 0.67 0.66 0.65 0.63 0.61 0.60 0.58 0.56 0.55 0.53 0.52 0.51 0.49 0.48 0.47 0.46 0.45 0.45 0.44 0.43 0.43 0.42 0.42 0.41 0.41 0.40 0.40 0.40 0.39 0.39 0.39 0.38 0.38 0.38 0.38 0.37 0.37 0.37 0.37 0.36 0.36 0.37 0.38 0.39 0.42 0.44 0.48 0.59 0.84 1.12 0.00 
0.00 0.00 12.85 6.52 3.01 1.87 1.37 0.98 0.80 0.62 0.57 0.50 0.45 0.42 0.40 0.38 0.37 0.36 0.36 0.36 0.36 0.37 0.38 0.38 0.39 0.40 0.41 0.42 0.43 0.45 0.46 0.47 0.49 0.50 0.51 0.53 0.54 0.56 0.57 0.59 0.60 0.62 0.63 0.65 0.66 0.67 0.68 0.69 0.69 0.70 0.70 0.69 0.68 0.68 0.66 0.65 0.63 0.62 0.60 0.58 0.57 0.55 0.53 0.52 0.51 0.49 0.48 0.47 0.46 0.46 0.45 0.44 0.43 0.43 0.42 0.42 0.41 0.41 0.40 0.40 0.40 0.39 0.39 0.39 0.39 0.38 0.38 0.38 0.37 0.37 0.37 0.37 0.37 0.37 0.37 0.38 0.39 0.42 0.45 0.49 0.60 0.87 1.06 0.00 
0.00 0.00 10.28 7.22 3.29 2.01 1.37 0.98 0.81 0.63 0.57 0.51 0.46 0.43 0.40 0.39 0.38 0.37 0.37 0.37 0.37 0.37 0.38 0.39 0.40 0.41 0.42 0.43 0.44 0.45 0.47 0.48 0.49 0.51 0.52 0.54 0.55 0.56 0.58 0.60 0.61 0.63 0.64 0.65 0.67 0.68 0.69 0.70 0.70 0.71 0.71 0.70 0.69 0.68 0.67 0.66 0.64 0.62 0.61 0.59 0.57 0.56 0.54 0.53 0.51 0.50 0.49 0.48 0.47 0.46 0.45 0.45 0.44 0.43 0.43 0.42 0.42 0.41 0.41 0.41 0.40 0.40 0.40 0.39 0.39 0.39 0.39 0.38 0.38 0.38 0.38 0.37 0.37 0.37 0.35 0.38 0.40 0.42 0.47 0.53 0.64 0.93 0.87 0.00 
0.00 0.00 3.43 10.17 3.55 2.06 1.38 1.03 0.84 0.69 0.56 0.51 0.47 0.44 0.41 0.40 0.39 0.38 0.38 0.38 0.38 0.39 0.39 0.40 0.41 0.42 0.43 0.45 0.46 0.47 0.48 0.50 0.51 0.53 0.54 0.56 0.57 0.59 0.60 0.62 0.63 0.65 0.67 0.68 0.69 0.71 0.72 0.73 0.73 0.73 0.73 0.73 0.72 0.71 0.70 0.68 0.67 0.65 0.63 0.62 0.60 0.58 0.57 0.55 0.54 0.52 0.51 0.50 0.49 0.48 0.47 0.46 0.46 0.45 0.45 0.44 0.44 0.43 0.43 0.42 0.42 0.42 0.41 0.41 0.41 0.40 0.40 0.40 0.40 0.39 0.39 0.39 0.38 0.38 0.38 0.40 0.38 0.44 0.48 0.55 0.65 1.35 0.30 0.00 
0.00 0.00 0.00 10.12 4.17 2.30 1.52 1.13 0.85 0.73 0.62 0.54 0.49 0.45 0.43 0.41 0.40 0.40 0.39 0.39 0.40 0.40 0.41 0.42 0.43 0.44 0.45 0.46 0.47 0.49 0.50 0.52 0.53 0.55 0.56 0.58 0.59 0.61 0.62 0.64 0.66 0.67 0.69 0.70 0.72 0.73 0.74 0.75 0.76 0.76 0.76 0.76 0.75 0.74 0.73 0.71 0.69 0.68 0.66 0.64 0.62 0.60 0.59 0.57 0.56 0.54 0.53 0.52 0.51 0.50 0.49 0.48 0.47 0.47 0.46 0.46 0.45 0.45 0.44 0.44 0.43 0.43 0.43 0.42 0.42 0.42 0.42 0.41 0.41 0.41 0.40 0.40 0.40 0.40 0.40 0.38 0.43 0.41 0.49 0.55 0.78 1.35 0.00 0.00 
0.00 0.00 0.00 4.48 6.43 2.69 1.68 1.20 0.95 0.75 0.64 0.58 0.53 0.49 0.46 0.44 0.43 0.43 0.42 0.42 0.43 0.43 0.44 0.45 0.46 0.47 0.48 0.50 0.51 0.53 0.54 0.56 0.57 0.59 0.60 0.62 0.64 0.65 0.67 0.69 0.71 0.72 0.74 0.76 0.77 0.79 0.80 0.81 0.81 0.82 0.82 0.81 0.80 0.79 0.78 0.76 0.74 0.73 0.71 0.69 0.67 0.65 0.63 0.61 0.60 0.58 0.57 0.56 0.55 0.54 0.53 0.52 0.51 0.50 0.50 0.49 0.49 0.48 0.48 0.47 0.47 0.46 0.46 0.46 0.45 0.45 0.45 0.44 0.44 0.44 0.43 0.43 0.43 0.43 0.42 0.44 0.41 0.50 0.56 0.65 1.25 0.60 0.00 0.00 
0.00 0.00 0.00 0.00 6.26 3.71 2.01 1.35 1.04 0.83 0.72 0.61 0.55 0.52 0.49 0.47 0.46 0.45 0.45 0.45 0.45 0.46 0.47 0.48 0.49 0.50 0.51 0.53 0.54 0.56 0.57 0.59 0.61 0.62 0.64 0.66 0.68 0.69 0.71 0.73 0.75 0.77 0.79 0.81 0.82 0.84 0.85 0.86 0.87 0.87 0.87 0.86 0.86 0.84 0.83 0.81 0.79 0.77 0.75 0.73 0.71 0.69 0.67 0.65 0.64 0.62 0.61 0.59 0.58 0.57 0.56 0.55 0.54 0.54 0.53 0.52 0.52 0.51 0.51 0.50 0.50 0.49 0.49 0.49 0.48 0.48 0.47 0.47 0.47 0.47 0.46 0.46 0.46 0.46 0.48 0.48 0.49 0.56 0.66 0.97 1.23 0.00 0.00 0.00 
0.00 0.00 0.00 0.00 0.22 5.39 2.86 1.68 1.21 0.96 0.81 0.66 0.60 0.56 0.53 0.51 0.50 0.49 0.49 0.49 0.50 0.50 0.51 0.52 0.53 0.55 0.56 0.58 0.59 0.61 0.63 0.65 0.66 0.68 0.70 0.72 0.74 0.76 0.78 0.80 0.82 0.84 0.86 0.88 0.90 0.91 0.93 0.94 0.95 0.95 0.95 0.95 0.94 0.92 0.91 0.89 0.87 0.85 0.82 0.80 0.78 0.75 0.73 0.71 0.70 0.68 0.66 0.65 0.64 0.62 0.61 0.60 0.59 0.59 0.58 0.57 0.56 0.56 0.55 0.55 0.54 0.54 0.53 0.53 0.53 0.52 0.52 0.52 0.51 0.51 0.51 0.50 0.50 0.50 0.54 0.56 0.55 0.65 0.98 1.41 0.05 0.00 0.00 0.00 
0.00 0.00 0.00 0.00 0.00 0.17 3.71 2.99 1.65 1.20 0.98 0.82 0.74 0.69 0.65 0.63 0.61 0.61 0.60 0.60 0.61 0.62 0.63 0.64 0.65 0.67 0.69 0.71 0.73 0.75 0.77 0.79 0.82 0.84 0.86 0.88 0.91 0.93 0.96 0.98 1.01 1.03 1.06 1.08 1.10 1.12 1.14 1.15 1.16 1.17 1.17 1.16 1.15 1.13 1.11 1.09 1.06 1.04 1.01 0.98 0.95 0.93 0.90 0.88 0.85 0.83 0.81 0.80 0.78 0.76 0.75 0.74 0.73 0.72 0.71 0.70 0.69 0.69 0.68 0.67 0.67 0.66 0.66 0.65 0.65 0.64 0.64 0.63 0.63 0.62 0.62 0.62 0.61 0.62 0.65 0.66 0.78 1.26 1.24 0.05 0.00 0.00 0.00 0.00 
0.00 0.00 0.00 0.00 0.00 0.00 0.00 1.43 2.78 2.35 1.48 1.20 1.07 0.99 0.94 0.90 0.88 0.87 0.86 0.86 0.87 0.88 0.89 0.91 0.93 0.96 0.98 1.01 1.04 1.07 1.10 1.13 1.16 1.20 1.23 1.26 1.30 1.33 1.37 1.40 1.44 1.47 1.51 1.54 1.57 1.60 1.63 1.64 1.66 1.66 1.66 1.65 1.64 1.62 1.59 1.55 1.52 1.48 1.44 1.40 1.36 1.32 1.28 1.25 1.22 1.19 1.16 1.13 1.11 1.09 1.07 1.05 1.04 1.02 1.01 1.00 0.99 0.98 0.97 0.96 0.95 0.94 0.94 0.93 0.92 0.91 0.91 0.90 0.90 0.89 0.88 0.88 0.87 0.89 0.95 1.38 1.37 0.61 0.00 0.00 0.00 0.00 0.00 0.00 
0.00 0.00 0.00 0.00 0.00 0.00 0.00 0.00 0.00 0.52 1.36 1.50 1.44 1.33 1.25 1.20 1.17 1.15 1.15 1.15 1.15 1.17 1.19 1.21 1.24 1.27 1.30 1.34 1.38 1.42 1.46 1.50 1.54 1.59 1.63 1.67 1.72 1.76 1.81 1.86 1.91 1.95 2.00 2.05 2.09 2.13 2.16 2.18 2.20 2.21 2.20 2.19 2.17 2.14 2.10 2.05 2.01 1.95 1.90 1.85 1.79 1.74 1.69 1.65 1.61 1.57 1.53 1.50 1.47 1.44 1.42 1.39 1.37 1.35 1.34 1.32 1.31 1.29 1.28 1.27 1.26 1.25 1.24 1.23 1.22 1.21 1.20 1.20 1.19 1.18 1.17 1.17 1.16 1.09 0.89 0.31 0.00 0.00 0.00 0.00 0.00 0.00 0.00 0.00 
0.00 0.00 0.00 0.00 0.00 0.00 0.00 0.00 0.00 0.00 0.00 0.00 0.00 0.00 0.00 0.00 0.00 0.00 0.00 0.00 0.00 0.00 0.00 0.00 0.00 0.00 0.00 0.00 0.00 0.00 0.00 0.00 0.00 0.00 0.00 0.00 0.00 0.00 0.00 0.00 0.00 0.00 0.00 0.00 0.00 0.00 0.00 0.00 0.00 0.00 0.00 0.00 0.00 0.00 0.00 0.00 0.00 0.00 0.00 0.00 0.00 0.00 0.00 0.00 0.00 0.00 0.00 0.00 0.00 0.00 0.00 0.00 0.00 0.00 0.00 0.00 0.00 0.00 0.00 0.00 0.00 0.00 0.00 0.00 0.00 0.00 0.00 0.00 0.00 0.00 0.00 0.00 0.00 0.00 0.00 0.00 0.00 0.00 0.00 0.00 0.00 0.00 0.00 0.00 
