0.00 0.00 0.00 0.00 0.00 0.00 0.00 0.00 0.00 0.00 0.00 0.00 0.00 0.00 0.00 0.00 0.00 0.00 0.00 0.00 0.00 0.00 0.00 0.00 0.00 0.00 0.00 0.00 0.00 0.00 0.00 0.00 0.00 0.00 0.00 0.00 0.00 0.00 0.00 0.00 0.00 0.00 0.00 0.00 0.00 0.00 0.00 0.00 0.00 0.00 0.00 0.00 0.00 0.00 0.00 0.00 0.00 0.00 0.00 0.00 0.00 0.00 0.00 0.00 0.00 0.00 0.00 0.00 0.00 0.00 0.00 0.00 0.00 0.00 0.00 0.00 0.00 0.00 0.00 0.00 0.00 0.00 0.00 0.00 0.00 0.00 0.00 0.00 0.00 0.00 0.00 0.00 0.00 0.00 0.00 0.00 0.00 0.00 0.00 0.00 0.00 0.00 0.00 0.00 
0.00 0.00 0.00 0.00 0.00 0.00 0.00 0.00 0.00 0.00 0.00 0.00 0.00 0.00 0.00 0.00 0.00 0.00 0.00 0.00 0.00 0.00 0.00 0.00 0.00 0.00 0.00 0.00 0.00 0.00 0.00 0.00 0.00 0.00 0.00 0.00 0.00 0.00 0.00 0.00 0.00 0.00 0.00 0.00 0.00 0.00 0.00 0.00 0.00 0.00 0.00 0.00 0.00 0.00 0.00 0.00 0.00 0.00 0.00 0.00 0.00 0.00 0.00 0.00 0.00 0.00 0.00 0.00 0.00 0.00 0.00 0.00 0.00 0.00 0.00 0.00 0.00 0.00 0.00 0.00 0.00 0.00 0.00 0.00 0.00 0.00 0.00 0.00 0.00 0.00 0.00 0.00 0.00 0.00 0.00 0.00 0.00 0.00 0.00 0.00 0.00 0.00 0.00 0.00 
0.00 0.00 0.00 0.00 0.00 0.00 0.00 0.00 0.00 0.37 1.09 1.37 1.49 1.54 1.61 1.68 1.77 1.86 1.98 2.10 2.25 2.41 2.59 2.78 2.97 3.17 3.35 3.50 3.60 3.66 3.65 3.60 3.49 3.36 3.21 3.05 2.89 2.74 2.59 2.46 2.33 2.22 2.11 2.01 1.93 1.85 1.78 1.71 1.65 1.60 1.55 1.51 1.47 1.43 1.40 1.37 1.34 1.32 1.29 1.27 1.25 1.24 1.22 1.21 1.19 1.18 1.17 1.15 1.14 1.13 1.12 1.11 1.10 1.10 1.09 1.08 1.07 1.06 1.05 1.05 1.04 1.03 1.03 1.02 1.02 1.01 1.01 1.01 1.02 1.03 1.04 1.06 1.09 1.07 0.91 0.33 0.00 0.00 0.00 0.00 0.00 0.00 0.00 0.00 
0.00 0.00 0.00 0.00 0.00 0.00 0.00 0.73 1.63 1.68 1.22 1.12 1.13 1.17 1.22 1.28 1.34 1.42 1.51 1.60 1.71 1.84 1.97 2.11 2.26 2.40 2.54 2.64 2.72 2.75 2.75 2.70 2.62 2.52 2.41 2.29 2.17 2.06 1.95 1.85 1.75 1.67 1.59 1.52 1.45 1.39 1.34 1.29 1.25 1.21 1.17 1.14 1.11 1.08 1.06 1.03 1.01 0.99 0.98 0.96 0.95 0.93 0.92 0.91 0.90 0.89 0.88 0.87 0.86 0.85 0.85 0.84 0.83 0.83 0.82 0.81 0.81 0.80 0.79 0.79 0.78 0.78 0.77 0.77 0.77 0.76 0.76 0.76 0.77 0.77 0.78 0.80 0.82 0.87 1.01 1.49 1.59 0.75 0.00 0.00 0.00 0.00 0.00 0.00 
0.00 0.00 0.00 0.00 0.00 0.04 1.49 1.50 1.00 0.86 0.80 0.77 0.79 0.82 0.86 0.90 0.95 1.00 1.06 1.13 1.21 1.29 1.39 1.49 1.59 1.69 1.78 1.86 1.91 1.93 1.92 1.89 1.83 1.76 1.68 1.60 1.52 1.44 1.36 1.29 1.23 1.17 1.11 1.06 1.02 0.98 0.94 0.90 0.87 0.85 0.82 0.80 0.78 0.76 0.74 0.72 0.71 0.70 0.68 0.67 0.66 0.65 0.65 0.64 0.63 0.62 0.62 0.61 0.60 0.60 0.59 0.59 0.58 0.58 0.57 0.57 0.57 0.56 0.56 0.55 0.55 0.55 0.54 0.54 0.54 0.54 0.53 0.54 0.54 0.54 0.55 0.56 0.57 0.60 0.67 0.76 0.96 1.58 1.72 0.07 0.00 0.00 0.00 0.00 
0.00 0.00 0.00 0.00 0.05 1.70 1.10 0.78 0.72 0.68 0.67 0.62 0.65 0.67 0.70 0.73 0.77 0.82 0.87 0.92 0.99 1.06 1.13 1.22 1.30 1.38 1.45 1.51 1.55 1.57 1.57 1.54 1.49 1.44 1.37 1.30 1.24 1.17 1.11 1.05 1.00 0.95 0.91 0.87 0.83 0.80 0.76 0.74 0.71 0.69 0.67 0.65 0.63 0.62 0.60 0.59 0.58 0.57 0.56 0.55 0.54 0.53 0.53 0.52 0.51 0.51 0.50 0.50 0.49 0.49 0.48 0.48 0.48 0.47 0.47 0.46 0.46 0.46 0.45 0.45 0.45 0.44 0.44 0.44 0.44 0.44 0.44 0.44 0.44 0.44 0.45 0.46 0.47 0.49 0.55 0.60 0.71 0.89 1.35 2.21 0.08 0.00 0.00 0.00 
0.00 0.00 0.00 0.00 1.53 1.11 0.70 0.61 0.63 0.59 0.59 0.58 0.59 0.61 0.64 0.67 0.70 0.74 0.79 0.84 0.90 0.96 1.03 1.11 1.18 1.26 1.33 1.38 1.42 1.44 1.44 1.41 1.37 1.32 1.26 1.20 1.13 1.07 1.02 0.96 0.92 0.87 0.83 0.79 0.76 0.73 0.70 0.67 0.65 0.63 0.61 0.59 0.58 0.56 0.55 0.54 0.53 0.52 0.51 0.50 0.49 0.49 0.48 0.48 0.47 0.46 0.46 0.46 0.45 0.45 0.44 0.44 0.44 0.43 0.43 0.42 0.42 0.42 0.42 0.41 0.41 0.41 0.40 0.40 0.40 0.40 0.40 0.40 0.40 0.40 0.41 0.42 0.43 0.45 0.49 0.52 0.60 0.72 0.95 1.53 2.21 0.00 0.00 0.00 
0.00 0.00 0.00 0.78 1.54 0.78 0.61 0.59 0.57 0.53 0.53 0.54 0.55 0.57 0.60 0.63 0.66 0.70 0.74 0.79 0.84 0.90 0.97 1.04 1.11 1.18 1.25 1.30 1.34 1.35 1.35 1.33 1.29 1.24 1.19 1.13 1.07 1.01 0.96 0.91 0.86 0.82 0.78 0.75 0.71 0.68 0.66 0.63 0.61 0.59 0.58 0.56 0.54 0.53 0.52 0.51 0.50 0.49 0.48 0.47 0.46 0.46 0.45 0.45 0.44 0.44 0.43 0.43 0.42 0.42 0.42 0.41 0.41 0.41 0.40 0.40 0.40 0.39 0.39 0.39 0.39 0.38 0.38 0.38 0.38 0.38 0.38 0.38 0.38 0.38 0.39 0.39 0.40 0.42 0.44 0.48 0.55 0.63 0.79 1.11 2.28 1.30 0.00 0.00 
0.00 0.00 0.00 1.73 1.01 0.72 0.62 0.57 0.49 0.51 0.50 0.50 0.52 0.54 0.56 0.58 0.62 0.65 0.69 0.73 0.79 0.84 0.90 0.97 1.03 1.10 1.16 1.21 1.24 1.26 1.26 1.23 1.20 1.15 1.10 1.05 0.99 0.94 0.89 0.84 0.80 0.76 0.73 0.69 0.66 0.64 0.61 0.59 0.57 0.55 0.54 0.52 0.51 0.49 0.48 0.47 0.46 0.45 0.45 0.44 0.43 0.43 0.42 0.42 0.41 0.41 0.40 0.40 0.39 0.39 0.39 0.38 0.38 0.38 0.37 0.37 0.37 0.37 0.36 0.36 0.36 0.36 0.35 0.35 0.35 0.35 0.35 0.35 0.35 0.35 0.36 0.37 0.38 0.39 0.42 0.46 0.50 0.59 0.72 0.95 1.48 2.95 0.00 0.00 
0.00 0.00 0.41 1.75 0.86 0.67 0.58 0.52 0.51 0.48 0.46 0.48 0.50 0.52 0.54 0.56 0.59 0.62 0.66 0.71 0.75 0.81 0.87 0.93 1.00 1.06 1.12 1.16 1.20 1.21 1.21 1.19 1.16 1.11 1.06 1.01 0.96 0.91 0.86 0.81 0.77 0.74 0.70 0.67 0.64 0.61 0.59 0.57 0.55 0.53 0.52 0.50 0.49 0.48 0.47 0.46 0.45 0.44 0.43 0.42 0.42 0.41 0.41 0.40 0.40 0.39 0.39 0.38 0.38 0.38 0.37 0.37 0.37 0.36 0.36 0.36 0.36 0.35 0.35 0.35 0.35 0.34 0.34 0.34 0.34 0.34 0.34 0.34 0.34 0.34 0.35 0.35 0.36 0.37 0.39 0.43 0.49 0.55 0.66 0.86 1.26 2.98 0.81 0.00 
0.00 0.00 1.22 1.25 0.79 0.65 0.56 0.51 0.48 0.45 0.47 0.47 0.48 0.49 0.51 0.54 0.56 0.60 0.63 0.67 0.72 0.77 0.83 0.89 0.95 1.01 1.07 1.12 1.15 1.17 1.17 1.15 1.12 1.08 1.03 0.98 0.93 0.88 0.83 0.79 0.75 0.71 0.68 0.64 0.62 0.59 0.57 0.55 0.53 0.51 0.50 0.48 0.47 0.46 0.45 0.44 0.43 0.42 0.41 0.41 0.40 0.40 0.39 0.39 0.38 0.38 0.37 0.37 0.37 0.36 0.36 0.36 0.35 0.35 0.35 0.35 0.34 0.34 0.34 0.34 0.33 0.33 0.33 0.33 0.33 0.32 0.32 0.33 0.33 0.33 0.33 0.34 0.35 0.36 0.39 0.41 0.47 0.52 0.65 0.83 1.16 2.11 2.38 0.00 
0.00 0.00 1.51 1.13 0.74 0.59 0.54 0.50 0.48 0.46 0.46 0.46 0.47 0.49 0.51 0.53 0.56 0.59 0.62 0.66 0.71 0.76 0.82 0.88 0.94 1.00 1.06 1.10 1.14 1.15 1.15 1.13 1.10 1.06 1.01 0.96 0.91 0.86 0.82 0.77 0.74 0.70 0.67 0.64 0.61 0.58 0.56 0.54 0.52 0.50 0.49 0.48 0.46 0.45 0.44 0.43 0.42 0.42 0.41 0.40 0.40 0.39 0.39 0.38 0.38 0.37 0.37 0.36 0.36 0.36 0.35 0.35 0.35 0.35 0.34 0.34 0.34 0.34 0.33 0.33 0.33 0.33 0.32 0.32 0.32 0.32 0.32 0.32 0.32 0.32 0.33 0.34 0.35 0.36 0.38 0.40 0.46 0.52 0.63 0.77 1.08 1.90 2.93 0.00 
0.00 0.00 1.60 1.10 0.74 0.59 0.54 0.50 0.47 0.46 0.45 0.46 0.47 0.48 0.51 0.53 0.56 0.59 0.62 0.66 0.71 0.76 0.81 0.87 0.94 1.00 1.05 1.10 1.13 1.15 1.15 1.13 1.10 1.05 1.01 0.96 0.91 0.86 0.81 0.77 0.73 0.70 0.66 0.63 0.61 0.58 0.56 0.54 0.52 0.50 0.49 0.47 0.46 0.45 0.44 0.43 0.42 0.41 0.41 0.40 0.39 0.39 0.38 0.38 0.37 0.37 0.37 0.36 0.36 0.36 0.35 0.35 0.35 0.34 0.34 0.34 0.34 0.33 0.33 0.33 0.33 0.32 0.32 0.32 0.32 0.32 0.32 0.32 0.32 0.32 0.33 0.33 0.34 0.36 0.38 0.40 0.46 0.52 0.63 0.76 1.06 1.86 3.11 0.00 
0.00 0.00 1.52 1.13 0.75 0.60 0.54 0.50 0.48 0.46 0.46 0.46 0.47 0.49 0.51 0.53 0.56 0.59 0.62 0.66 0.71 0.76 0.82 0.88 0.94 1.00 1.06 1.10 1.14 1.15 1.15 1.13 1.10 1.06 1.01 0.96 0.91 0.86 0.82 0.77 0.74 0.70 0.67 0.64 0.61 0.58 0.56 0.54 0.52 0.50 0.49 0.48 0.46 0.45 0.44 0.43 0.42 0.42 0.41 0.40 0.40 0.39 0.39 0.38 0.38 0.37 0.37 0.36 0.36 0.36 0.35 0.35 0.35 0.35 0.34 0.34 0.34 0.34 0.33 0.33 0.33 0.33 0.32 0.32 0.32 0.32 0.32 0.32 0.32 0.32 0.33 0.34 0.35 0.36 0.38 0.40 0.46 0.52 0.63 0.77 1.08 1.90 2.92 0.00 
0.00 0.00 1.24 1.25 0.79 0.65 0.56 0.50 0.48 0.46 0.47 0.47 0.48 0.49 0.51 0.54 0.56 0.60 0.63 0.67 0.72 0.77 0.83 0.89 0.95 1.01 1.07 1.12 1.15 1.17 1.17 1.15 1.12 1.08 1.03 0.98 0.93 0.88 0.83 0.79 0.75 0.71 0.68 0.64 0.62 0.59 0.57 0.55 0.53 0.51 0.50 0.48 0.47 0.46 0.45 0.44 0.43 0.42 0.41 0.41 0.40 0.40 0.39 0.39 0.38 0.38 0.37 0.37 0.37 0.36 0.36 0.36 0.35 0.35 0.35 0.35 0.34 0.34 0.34 0.34 0.33 0.33 0.33 0.33 0.33 0.33 0.32 0.33 0.33 0.33 0.33 0.34 0.35 0.36 0.36 0.41 0.47 0.52 0.64 0.83 1.15 2.03 2.36 0.00 
0.00 0.00 0.43 1.76 0.86 0.67 0.57 0.52 0.51 0.48 0.47 0.48 0.50 0.52 0.54 0.56 0.59 0.62 0.66 0.71 0.75 0.81 0.87 0.93 1.00 1.06 1.12 1.16 1.20 1.21 1.21 1.19 1.16 1.11 1.06 1.01 0.96 0.91 0.86 0.81 0.77 0.74 0.70 0.67 0.64 0.61 0.59 0.57 0.55 0.53 0.52 0.50 0.49 0.48 0.47 0.46 0.45 0.44 0.43 0.42 0.42 0.41 0.41 0.40 0.40 0.39 0.39 0.38 0.38 0.38 0.37 0.37 0.37 0.36 0.36 0.36 0.36 0.35 0.35 0.35 0.35 0.34 0.34 0.34 0.34 0.34 0.34 0.34 0.34 0.34 0.35 0.35 0.36 0.37 0.39 0.43 0.44 0.54 0.65 0.85 1.17 2.95 0.80 0.00 
0.00 0.00 0.00 1.77 1.01 0.73 0.62 0.56 0.52 0.51 0.50 0.50 0.52 0.53 0.56 0.58 0.61 0.65 0.69 0.73 0.78 0.84 0.90 0.97 1.03 1.10 1.16 1.21 1.24 1.26 1.26 1.23 1.20 1.15 1.10 1.05 0.99 0.94 0.89 0.84 0.80 0.76 0.73 0.69 0.66 0.64 0.61 0.59 0.57 0.55 0.54 0.52 0.51 0.49 0.48 0.47 0.46 0.45 0.45 0.44 0.43 0.43 0.42 0.42 0.41 0.41 0.40 0.40 0.39 0.39 0.39 0.38 0.38 0.38 0.37 0.37 0.37 0.37 0.36 0.36 0.36 0.36 0.35 0.35 0.35 0.35 0.35 0.35 0.35 0.35 0.36 0.37 0.38 0.39 0.42 0.41 0.49 0.52 0.68 0.85 1.39 2.91 0.00 0.00 
0.00 0.00 0.00 0.78 1.55 0.86 0.69 0.61 0.57 0.53 0.52 0.54 0.55 0.57 0.60 0.63 0.66 0.70 0.74 0.79 0.84 0.90 0.97 1.04 1.11 1.18 1.25 1.30 1.34 1.35 1.35 1.33 1.29 1.24 1.19 1.13 1.07 1.01 0.96 0.91 0.86 0.82 0.78 0.75 0.71 0.68 0.66 0.63 0.61 0.59 0.58 0.56 0.54 0.53 0.52 0.51 0.50 0.49 0.48 0.47 0.46 0.46 0.45 0.45 0.44 0.44 0.43 0.43 0.42 0.42 0.42 0.41 0.41 0.41 0.40 0.40 0.40 0.39 0.39 0.39 0.39 0.38 0.38 0.38 0.38 0.38 0.38 0.38 0.38 0.38 0.39 0.39 0.40 0.42 0.44 0.48 0.48 0.62 0.77 1.01 2.25 1.28 0.00 0.00 
0.00 0.00 0.00 0.00 1.53 1.18 0.82 0.69 0.63 0.59 0.59 0.58 0.59 0.61 0.64 0.67 0.70 0.74 0.79 0.84 0.90 0.96 1.03 1.11 1.18 1.26 1.33 1.38 1.42 1.44 1.43 1.41 1.37 1.32 1.26 1.20 1.13 1.07 1.02 0.96 0.92 0.87 0.83 0.79 0.76 0.73 0.70 0.67 0.65 0.63 0.61 0.59 0.58 0.56 0.55 0.54 0.53 0.52 0.51 0.50 0.49 0.49 0.48 0.48 0.47 0.46 0.46 0.46 0.45 0.45 0.44 0.44 0.44 0.43 0.43 0.42 0.42 0.42 0.42 0.41 0.41 0.41 0.40 0.40 0.40 0.40 0.40 0.40 0.40 0.40 0.41 0.42 0.43 0.45 0.49 0.52 0.57 0.70 0.90 1.52 2.19 0.00 0.00 0.00 
0.00 0.00 0.00 0.00 0.06 1.71 1.17 0.85 0.74 0.68 0.67 0.63 0.65 0.67 0.70 0.73 0.77 0.81 0.86 0.92 0.99 1.06 1.13 1.22 1.30 1.38 1.45 1.51 1.55 1.57 1.57 1.54 1.49 1.44 1.37 1.30 1.24 1.17 1.11 1.05 1.00 0.95 0.91 0.87 0.83 0.80 0.76 0.74 0.71 0.69 0.67 0.65 0.63 0.62 0.60 0.59 0.58 0.57 0.56 0.55 0.54 0.53 0.53 0.52 0.51 0.51 0.50 0.50 0.49 0.49 0.48 0.48 0.48 0.47 0.47 0.46 0.46 0.46 0.45 0.45 0.45 0.44 0.44 0.44 0.44 0.44 0.44 0.44 0.44 0.44 0.45 0.46 0.47 0.49 0.56 0.60 0.64 0.81 1.35 2.20 0.08 0.00 0.00 0.00 
0.00 0.00 0.00 0.00 0.00 0.06 1.49 1.51 0.99 0.85 0.80 0.78 0.79 0.82 0.86 0.90 0.94 1.00 1.06 1.13 1.21 1.29 1.39 1.49 1.59 1.69 1.78 1.86 1.91 1.93 1.92 1.89 1.83 1.76 1.68 1.60 1.52 1.44 1.36 1.29 1.23 1.17 1.11 1.06 1.02 0.98 0.94 0.90 0.87 0.85 0.82 0.80 0.78 0.76 0.74 0.72 0.71 0.70 0.68 0.67 0.66 0.65 0.65 0.64 0.63 0.62 0.62 0.61 0.60 0.60 0.59 0.59 0.58 0.58 0.57 0.57 0.57 0.56 0.56 0.55 0.55 0.55 0.54 0.54 0.54 0.54 0.54 0.54 0.54 0.54 0.55 0.56 0.57 0.60 0.67 0.72 0.91 1.58 1.72 0.07 0.00 0.00 0.00 0.00 
0.00 0.00 0.00 0.00 0.00 0.00 0.00 0.73 1.65 1.68 1.21 1.12 1.12 1.17 1.22 1.28 1.34 1.42 1.50 1.60 1.71 1.84 1.97 2.11 2.26 2.40 2.54 2.64 2.72 2.75 2.75 2.70 2.62 2.52 2.41 2.29 2.17 2.06 1.95 1.85 1.75 1.67 1.59 1.52 1.45 1.39 1.34 1.29 1.25 1.21 1.17 1.14 1.11 1.08 1.06 1.03 1.01 0.99 0.98 0.96 0.95 0.93 0.92 0.91 0.90 0.89 0.88 0.87 0.86 0.85 0.85 0.84 0.83 0.83 0.82 0.81 0.81 0.80 0.80 0.79 0.78 0.78 0.77 0.77 0.77 0.77 0.76 0.77 0.77 0.77 0.79 0.80 0.82 0.87 0.98 1.49 1.59 0.75 0.00 0.00 0.00 0.00 0.00 0.00 
0.00 0.00 0.00 0.00 0.00 0.00 0.00 0.00 0.00 0.38 1.10 1.37 1.49 1.54 1.60 1.68 1.76 1.86 1.97 2.10 2.25 2.41 2.58 2.77 2.97 3.17 3.35 3.50 3.60 3.66 3.65 3.59 3.49 3.36 3.21 3.05 2.89 2.74 2.59 2.46 2.33 2.22 2.11 2.01 1.93 1.85 1.78 1.71 1.65 1.60 1.55 1.51 1.47 1.43 1.40 1.37 1.34 1.32 1.29 1.27 1.25 1.24 1.22 1.21 1.19 1.18 1.17 1.15 1.14 1.13 1.12 1.11 1.10 1.10 1.09 1.08 1.07 1.06 1.05 1.05 1.04 1.03 1.03 1.02 1.02 1.02 1.01 1.02 1.02 1.03 1.04 1.07 1.10 1.08 0.92 0.33 0.00 0.00 0.00 0.00 0.00 0.00 0.00 0.00 
0.00 0.00 0.00 0.00 0.00 0.00 0.00 0.00 0.00 0.00 0.00 0.00 0.00 0.00 0.00 0.00 0.00 0.00 0.00 0.00 0.00 0.00 0.00 0.00 0.00 0.00 0.00 0.00 0.00 0.00 0.00 0.00 0.00 0.00 0.00 0.00 0.00 0.00 0.00 0.00 0.00 0.00 0.00 0.00 0.00 0.00 0.00 0.00 0.00 0.00 0.00 0.00 0.00 0.00 0.00 0.00 0.00 0.00 0.00 0.00 0.00 0.00 0.00 0.00 0.00 0.00 0.00 0.00 0.00 0.00 0.00 0.00 0.00 0.00 0.00 0.00 0.00 0.00 0.00 0.00 0.00 0.00 0.00 0.00 0.00 0.00 0.00 0.00 0.00 0.00 0.00 0.00 0.00 0.00 0.00 0.00 0.00 0.00 0.00 0.00 0.00 0.00 0.00 0.00 
