0.00 0.00 0.00 0.00 0.00 0.00 0.00 0.00 0.00 0.00 0.00 0.00 0.00 0.00 0.00 0.00 0.00 0.00 0.00 0.00 0.00 0.00 0.00 0.00 0.00 0.00 0.00 0.00 0.00 0.00 0.00 0.00 0.00 0.00 0.00 0.00 0.00 0.00 0.00 0.00 0.00 0.00 0.00 0.00 0.00 0.00 0.00 0.00 0.00 0.00 0.00 0.00 0.00 0.00 0.00 0.00 0.00 0.00 0.00 0.00 0.00 0.00 0.00 0.00 0.00 0.00 0.00 0.00 0.00 0.00 0.00 0.00 0.00 0.00 0.00 0.00 0.00 0.00 0.00 0.00 0.00 0.00 0.00 
0.00 0.00 0.00 0.00 0.00 0.00 0.00 0.00 0.00 0.00 0.00 0.72 0.70 0.67 0.64 0.61 0.60 0.58 0.57 0.57 0.56 0.56 0.57 0.57 0.58 0.58 0.59 0.60 0.61 0.62 0.63 0.64 0.65 0.66 0.67 0.68 0.69 0.70 0.70 0.71 0.71 0.71 0.71 0.71 0.70 0.70 0.69 0.68 0.67 0.66 0.65 0.64 0.63 0.62 0.61 0.60 0.59 0.58 0.57 0.56 0.56 0.55 0.54 0.53 0.52 0.52 0.51 0.50 0.50 0.49 0.49 0.48 0.48 0.00 0.00 0.00 0.00 0.00 0.00 0.00 0.00 0.00 0.00 
0.00 0.00 0.00 0.00 0.00 0.00 0.00 2.20 3.08 1.49 1.63 1.44 1.36 1.28 1.23 1.18 1.15 1.12 1.11 1.10 1.09 1.09 1.10 1.10 1.11 1.13 1.14 1.16 1.18 1.20 1.22 1.24 1.26 1.28 1.30 1.32 1.33 1.35 1.36 1.37 1.37 1.38 1.38 1.37 1.36 1.35 1.34 1.32 1.31 1.29 1.27 1.25 1.23 1.21 1.19 1.17 1.15 1.13 1.11 1.09 1.08 1.06 1.04 1.03 1.01 1.00 0.99 0.97 0.96 0.95 0.94 0.93 0.98 1.18 1.57 1.78 0.69 0.00 0.00 0.00 0.00 0.00 0.00 
0.00 0.00 0.00 0.00 0.00 0.00 3.28 1.86 1.58 1.10 0.80 1.17 1.11 1.05 1.00 0.97 0.94 0.92 0.90 0.89 0.89 0.89 0.89 0.90 0.91 0.92 0.93 0.94 0.96 0.98 0.99 1.01 1.03 1.04 1.06 1.07 1.09 1.10 1.11 1.12 1.12 1.12 1.12 1.12 1.11 1.10 1.09 1.08 1.06 1.05 1.03 1.01 1.00 0.98 0.96 0.95 0.93 0.92 0.90 0.89 0.87 0.86 0.85 0.84 0.82 0.81 0.80 0.79 0.78 0.77 0.77 0.76 0.79 0.59 0.79 1.08 1.66 1.67 0.05 0.00 0.00 0.00 0.00 
0.00 0.00 0.00 0.00 3.61 2.23 2.07 1.05 1.11 0.76 1.07 0.95 0.89 0.84 0.81 0.77 0.75 0.73 0.72 0.72 0.71 0.71 0.72 0.72 0.73 0.74 0.75 0.76 0.77 0.78 0.80 0.81 0.82 0.84 0.85 0.86 0.87 0.88 0.89 0.89 0.90 0.90 0.90 0.89 0.89 0.88 0.87 0.86 0.85 0.84 0.82 0.81 0.80 0.78 0.77 0.76 0.75 0.73 0.72 0.71 0.70 0.69 0.68 0.67 0.66 0.65 0.64 0.64 0.63 0.62 0.62 0.61 0.64 0.70 0.56 0.78 0.86 1.33 1.95 0.07 0.00 0.00 0.00 
0.00 0.00 0.00 0.00 2.60 2.16 1.68 0.88 1.01 0.68 0.49 0.91 0.86 0.82 0.78 0.75 0.73 0.71 0.70 0.69 0.69 0.69 0.69 0.70 0.70 0.71 0.72 0.73 0.75 0.76 0.77 0.78 0.80 0.81 0.82 0.84 0.85 0.85 0.86 0.87 0.87 0.87 0.87 0.87 0.86 0.85 0.84 0.83 0.82 0.81 0.80 0.79 0.77 0.76 0.75 0.74 0.72 0.71 0.70 0.69 0.68 0.67 0.66 0.65 0.64 0.63 0.62 0.62 0.61 0.60 0.60 0.59 0.60 0.37 0.51 0.68 0.68 0.93 1.36 1.78 0.00 0.00 0.00 
0.00 0.00 0.00 5.16 2.82 1.93 1.62 0.90 1.14 0.83 0.62 0.52 0.49 0.46 0.44 0.42 0.41 0.40 0.40 0.39 0.39 0.39 0.39 0.40 0.40 0.41 0.41 0.42 0.43 0.43 0.44 0.45 0.46 0.46 0.47 0.48 0.48 0.49 0.49 0.49 0.50 0.50 0.50 0.49 0.49 0.49 0.48 0.48 0.47 0.46 0.45 0.45 0.44 0.43 0.43 0.42 0.41 0.41 0.40 0.39 0.39 0.38 0.38 0.37 0.37 0.36 0.36 0.35 0.35 0.35 0.34 0.34 0.37 0.45 0.57 0.62 0.65 0.78 0.99 1.83 0.92 0.00 0.00 
0.00 0.00 4.65 3.47 1.70 1.18 1.01 1.19 0.67 0.49 0.87 0.81 0.76 0.72 0.68 0.66 0.64 0.62 0.62 0.61 0.61 0.61 0.61 0.61 0.62 0.63 0.64 0.65 0.66 0.67 0.68 0.69 0.70 0.71 0.72 0.73 0.74 0.75 0.76 0.76 0.77 0.77 0.77 0.76 0.76 0.75 0.74 0.74 0.73 0.72 0.70 0.69 0.68 0.67 0.66 0.65 0.64 0.63 0.62 0.61 0.60 0.59 0.58 0.57 0.56 0.56 0.55 0.54 0.54 0.53 0.53 0.52 0.52 0.53 0.33 0.54 0.63 0.70 0.83 1.19 2.11 0.00 0.00 
0.00 0.00 7.37 3.36 2.02 1.52 1.43 0.76 1.04 0.89 0.64 0.53 0.50 0.47 0.44 0.43 0.42 0.41 0.40 0.40 0.40 0.40 0.40 0.40 0.40 0.41 0.42 0.42 0.43 0.44 0.44 0.45 0.46 0.47 0.47 0.48 0.49 0.49 0.50 0.50 0.50 0.50 0.50 0.50 0.50 0.49 0.49 0.48 0.47 0.47 0.46 0.45 0.45 0.44 0.43 0.42 0.42 0.41 0.40 0.40 0.39 0.39 0.38 0.38 0.37 0.37 0.36 0.36 0.35 0.35 0.35 0.34 0.38 0.48 0.52 0.55 0.58 0.65 0.77 1.01 2.13 0.51 0.00 
0.00 0.00 4.11 2.73 1.62 1.18 1.15 0.62 0.96 0.54 0.40 0.37 0.34 0.32 0.30 0.29 0.28 0.28 0.27 0.27 0.27 0.27 0.27 0.27 0.28 0.28 0.28 0.29 0.29 0.30 0.30 0.31 0.31 0.32 0.32 0.33 0.33 0.34 0.34 0.34 0.34 0.34 0.34 0.34 0.34 0.33 0.33 0.32 0.32 0.31 0.31 0.31 0.30 0.30 0.29 0.29 0.28 0.28 0.27 0.27 0.26 0.26 0.26 0.25 0.25 0.25 0.25 0.24 0.24 0.24 0.24 0.24 0.24 0.29 0.48 0.53 0.46 0.64 0.75 0.94 1.51 1.49 0.00 
0.00 0.00 5.19 2.37 2.25 1.03 0.95 1.15 0.77 0.45 0.40 0.36 0.34 0.32 0.30 0.29 0.28 0.27 0.27 0.27 0.26 0.27 0.27 0.27 0.27 0.28 0.28 0.28 0.29 0.29 0.30 0.30 0.31 0.31 0.32 0.32 0.33 0.33 0.33 0.34 0.34 0.34 0.34 0.33 0.33 0.33 0.32 0.32 0.32 0.31 0.31 0.30 0.30 0.29 0.29 0.28 0.28 0.27 0.27 0.27 0.26 0.26 0.25 0.25 0.25 0.25 0.24 0.24 0.24 0.24 0.23 0.23 0.24 0.24 0.38 0.52 0.56 0.62 0.68 0.89 1.37 1.84 0.00 
0.00 0.00 5.11 2.32 2.20 1.03 0.89 1.15 0.70 0.45 0.40 0.73 0.69 0.65 0.62 0.59 0.58 0.56 0.55 0.55 0.55 0.55 0.55 0.55 0.56 0.57 0.57 0.58 0.59 0.60 0.61 0.62 0.63 0.64 0.65 0.66 0.67 0.68 0.68 0.69 0.69 0.69 0.69 0.69 0.68 0.68 0.67 0.66 0.65 0.64 0.63 0.62 0.61 0.60 0.59 0.58 0.57 0.56 0.55 0.55 0.54 0.53 0.52 0.52 0.51 0.50 0.50 0.49 0.49 0.48 0.48 0.47 0.48 0.24 0.34 0.52 0.56 0.61 0.69 0.88 1.34 1.96 0.00 
0.00 0.00 5.54 2.48 2.33 1.04 0.95 1.16 0.77 0.45 0.40 0.73 0.69 0.65 0.62 0.60 0.58 0.56 0.56 0.55 0.55 0.55 0.55 0.56 0.56 0.57 0.58 0.58 0.59 0.60 0.61 0.63 0.64 0.65 0.66 0.67 0.67 0.68 0.69 0.69 0.69 0.69 0.69 0.69 0.68 0.68 0.67 0.66 0.65 0.64 0.63 0.62 0.61 0.60 0.59 0.58 0.57 0.57 0.56 0.55 0.54 0.53 0.52 0.52 0.51 0.50 0.50 0.49 0.49 0.48 0.48 0.48 0.48 0.24 0.38 0.52 0.56 0.62 0.70 0.89 1.37 1.86 0.00 
0.00 0.00 6.81 3.00 2.56 1.22 1.16 1.17 0.98 0.54 0.41 0.37 0.34 0.32 0.30 0.29 0.28 0.28 0.27 0.27 0.27 0.27 0.27 0.27 0.28 0.28 0.28 0.29 0.29 0.30 0.30 0.31 0.31 0.32 0.32 0.33 0.33 0.34 0.34 0.34 0.34 0.34 0.34 0.34 0.34 0.33 0.33 0.32 0.32 0.32 0.31 0.31 0.30 0.30 0.29 0.29 0.28 0.28 0.27 0.27 0.27 0.26 0.26 0.25 0.25 0.25 0.25 0.24 0.24 0.24 0.24 0.24 0.24 0.25 0.48 0.53 0.57 0.65 0.76 0.94 1.48 1.51 0.00 
0.00 0.00 9.40 3.85 2.15 1.58 1.47 0.76 1.04 0.88 0.63 0.52 0.49 0.46 0.44 0.42 0.41 0.40 0.39 0.39 0.39 0.39 0.39 0.40 0.40 0.40 0.41 0.42 0.42 0.43 0.44 0.45 0.45 0.46 0.47 0.48 0.48 0.49 0.49 0.49 0.50 0.50 0.50 0.49 0.49 0.49 0.48 0.47 0.47 0.46 0.45 0.45 0.44 0.43 0.43 0.42 0.41 0.41 0.40 0.39 0.39 0.38 0.38 0.37 0.37 0.36 0.36 0.35 0.35 0.35 0.35 0.34 0.38 0.48 0.52 0.50 0.58 0.66 0.78 0.97 2.16 0.51 0.00 
0.00 0.00 11.57 5.36 3.02 2.11 1.61 1.23 1.10 0.96 0.86 0.79 0.74 0.70 0.66 0.64 0.62 0.61 0.60 0.59 0.59 0.59 0.59 0.60 0.60 0.61 0.62 0.63 0.64 0.65 0.66 0.67 0.69 0.70 0.71 0.72 0.73 0.74 0.74 0.75 0.75 0.75 0.75 0.74 0.74 0.73 0.73 0.72 0.71 0.70 0.69 0.68 0.66 0.65 0.64 0.63 0.62 0.61 0.60 0.59 0.58 0.58 0.57 0.56 0.55 0.55 0.54 0.53 0.53 0.52 0.52 0.52 0.52 0.52 0.50 0.57 0.55 0.68 0.78 1.16 2.16 0.00 0.00 
0.00 0.00 4.88 8.50 3.37 2.11 1.70 1.42 1.16 0.82 0.91 0.84 0.79 0.74 0.71 0.68 0.66 0.65 0.64 0.63 0.63 0.63 0.63 0.64 0.65 0.65 0.66 0.67 0.69 0.70 0.71 0.72 0.74 0.75 0.76 0.77 0.78 0.79 0.79 0.80 0.80 0.80 0.80 0.80 0.79 0.78 0.78 0.77 0.76 0.75 0.73 0.72 0.71 0.70 0.69 0.68 0.66 0.65 0.64 0.63 0.63 0.62 0.61 0.60 0.59 0.58 0.58 0.57 0.57 0.56 0.56 0.55 0.55 0.55 0.57 0.55 0.67 0.78 0.92 1.87 0.95 0.00 0.00 
0.00 0.00 0.00 8.77 5.27 2.90 2.02 1.59 1.28 1.13 0.98 0.89 0.83 0.79 0.75 0.72 0.70 0.68 0.67 0.67 0.67 0.67 0.67 0.68 0.68 0.69 0.70 0.71 0.72 0.74 0.75 0.76 0.78 0.79 0.80 0.81 0.82 0.83 0.84 0.84 0.85 0.85 0.85 0.84 0.84 0.83 0.82 0.81 0.80 0.79 0.77 0.76 0.75 0.74 0.73 0.71 0.70 0.69 0.68 0.67 0.66 0.65 0.64 0.63 0.63 0.62 0.61 0.60 0.60 0.59 0.59 0.59 0.59 0.62 0.63 0.66 0.76 0.91 1.40 1.84 0.00 0.00 0.00 
0.00 0.00 0.00 0.25 7.69 4.23 2.53 1.84 1.47 1.28 1.05 0.97 0.91 0.86 0.82 0.78 0.76 0.74 0.73 0.73 0.73 0.73 0.73 0.74 0.74 0.75 0.76 0.78 0.79 0.80 0.82 0.83 0.85 0.86 0.88 0.89 0.90 0.91 0.92 0.92 0.92 0.92 0.92 0.92 0.91 0.90 0.89 0.88 0.87 0.86 0.85 0.83 0.82 0.81 0.79 0.78 0.77 0.75 0.74 0.73 0.72 0.71 0.70 0.69 0.68 0.68 0.67 0.66 0.65 0.65 0.65 0.64 0.65 0.70 0.73 0.73 0.88 1.36 2.03 0.07 0.00 0.00 0.00 
0.00 0.00 0.00 0.00 0.25 5.54 4.53 2.53 1.86 1.54 1.31 1.19 1.11 1.05 1.00 0.96 0.93 0.91 0.90 0.89 0.89 0.89 0.89 0.90 0.91 0.92 0.94 0.95 0.97 0.98 1.00 1.02 1.04 1.06 1.07 1.09 1.10 1.11 1.12 1.13 1.13 1.13 1.13 1.12 1.12 1.11 1.10 1.08 1.07 1.05 1.04 1.02 1.00 0.99 0.97 0.95 0.94 0.92 0.91 0.90 0.88 0.87 0.86 0.85 0.84 0.83 0.82 0.81 0.80 0.80 0.79 0.79 0.80 0.84 0.87 1.05 1.71 1.72 0.07 0.00 0.00 0.00 0.00 
0.00 0.00 0.00 0.00 0.00 0.00 2.12 4.22 3.71 2.35 1.91 1.71 1.59 1.50 1.42 1.37 1.33 1.30 1.28 1.27 1.27 1.27 1.27 1.28 1.30 1.32 1.33 1.36 1.38 1.40 1.43 1.45 1.48 1.50 1.53 1.55 1.57 1.59 1.60 1.61 1.61 1.61 1.61 1.60 1.59 1.58 1.56 1.54 1.52 1.50 1.47 1.45 1.43 1.40 1.38 1.36 1.34 1.31 1.29 1.28 1.26 1.24 1.22 1.21 1.19 1.18 1.16 1.15 1.14 1.13 1.13 1.12 1.15 1.24 1.81 1.83 0.82 0.00 0.00 0.00 0.00 0.00 0.00 
0.00 0.00 0.00 0.00 0.00 0.00 0.00 0.00 0.84 2.17 2.39 2.31 2.13 2.00 1.90 1.82 1.76 1.73 1.70 1.69 1.68 1.68 1.69 1.70 1.72 1.74 1.77 1.80 1.83 1.86 1.89 1.93 1.96 1.99 2.02 2.05 2.08 2.10 2.11 2.13 2.13 2.13 2.13 2.11 2.10 2.08 2.06 2.03 2.00 1.97 1.94 1.91 1.88 1.85 1.82 1.79 1.76 1.73 1.71 1.68 1.66 1.64 1.61 1.59 1.57 1.56 1.54 1.52 1.51 1.50 1.49 1.49 1.41 1.16 0.41 0.00 0.00 0.00 0.00 0.00 0.00 0.00 0.00 
0.00 0.00 0.00 0.00 0.00 0.00 0.00 0.00 0.00 0.00 0.00 0.00 0.00 0.00 0.00 0.00 0.00 0.00 0.00 0.00 0.00 0.00 0.00 0.00 0.00 0.00 0.00 0.00 0.00 0.00 0.00 0.00 0.00 0.00 0.00 0.00 0.00 0.00 0.00 0.00 0.00 0.00 0.00 0.00 0.00 0.00 0.00 0.00 0.00 0.00 0.00 0.00 0.00 0.00 0.00 0.00 0.00 0.00 0.00 0.00 0.00 0.00 0.00 0.00 0.00 0.00 0.00 0.00 0.00 0.00 0.00 0.00 0.00 0.00 0.00 0.00 0.00 0.00 0.00 0.00 0.00 0.00 0.00 
