0.00 0.00 0.00 0.00 0.00 0.00 0.00 0.00 0.00 0.00 0.00 0.00 0.00 0.00 0.00 0.00 0.00 0.00 0.00 0.00 0.00 0.00 0.00 0.00 0.00 0.00 0.00 0.00 0.00 0.00 0.00 0.00 0.00 0.00 0.00 0.00 0.00 0.00 0.00 0.00 0.00 0.00 0.00 0.00 0.00 0.00 0.00 0.00 0.00 0.00 0.00 0.00 0.00 0.00 0.00 0.00 0.00 0.00 0.00 0.00 0.00 0.00 0.00 0.00 0.00 0.00 0.00 0.00 0.00 0.00 0.00 0.00 0.00 0.00 0.00 0.00 0.00 0.00 0.00 0.00 0.00 0.00 0.00 0.00 0.00 0.00 0.00 0.00 0.00 0.00 0.00 0.00 0.00 0.00 0.00 0.00 0.00 0.00 0.00 0.00 0.00 0.00 0.00 0.00 
0.00 0.00 0.00 0.00 0.00 0.00 0.00 0.00 0.00 0.00 0.00 0.00 0.00 0.00 0.00 0.00 0.00 0.00 0.00 0.00 0.00 0.00 0.00 0.00 0.00 0.00 0.00 0.00 0.00 0.00 0.00 0.00 0.00 0.00 0.00 0.00 0.00 0.00 0.00 0.00 0.00 0.00 0.00 0.00 0.00 0.00 0.00 0.00 0.00 0.00 0.00 0.00 0.00 0.00 0.00 0.00 0.00 0.00 0.00 0.00 0.00 0.00 0.00 0.00 0.00 0.00 0.00 0.00 0.00 0.00 0.00 0.00 0.00 0.00 0.00 0.00 0.00 0.00 0.00 0.00 0.00 0.00 0.00 0.00 0.00 0.00 0.00 0.00 0.00 0.00 0.00 0.00 0.00 0.00 0.00 0.00 0.00 0.00 0.00 0.00 0.00 0.00 0.00 0.00 
0.00 0.00 0.00 0.00 0.00 0.00 0.00 0.00 0.00 0.30 0.86 1.01 1.03 1.01 0.99 0.98 0.97 0.97 0.97 0.98 0.98 0.99 0.99 1.00 1.01 1.02 1.03 1.03 1.04 1.05 1.06 1.07 1.07 1.08 1.08 1.09 1.09 1.10 1.10 1.11 1.11 1.12 1.13 1.13 1.14 1.15 1.16 1.16 1.17 1.19 1.20 1.21 1.23 1.25 1.27 1.29 1.32 1.34 1.38 1.41 1.45 1.50 1.55 1.61 1.67 1.74 1.82 1.91 2.01 2.12 2.24 2.38 2.54 2.71 2.90 3.10 3.32 3.53 3.73 3.89 4.00 4.02 3.96 3.80 3.58 3.32 3.05 2.79 2.54 2.32 2.13 1.97 1.83 1.64 1.28 0.43 0.00 0.00 0.00 0.00 0.00 0.00 0.00 0.00 
0.00 0.00 0.00 0.00 0.00 0.00 0.00 0.72 1.48 1.39 0.95 0.82 0.77 0.75 0.74 0.73 0.73 0.73 0.73 0.73 0.74 0.74 0.75 0.75 0.76 0.77 0.77 0.78 0.79 0.79 0.80 0.80 0.81 0.81 0.82 0.82 0.83 0.83 0.83 0.84 0.84 0.84 0.85 0.85 0.86 0.86 0.87 0.88 0.89 0.89 0.90 0.91 0.93 0.94 0.96 0.97 0.99 1.01 1.04 1.06 1.09 1.13 1.17 1.21 1.26 1.31 1.37 1.43 1.51 1.59 1.68 1.79 1.90 2.03 2.17 2.32 2.48 2.64 2.79 2.92 3.00 3.02 2.98 2.88 2.72 2.53 2.33 2.13 1.95 1.78 1.63 1.51 1.40 1.35 1.42 1.92 1.83 0.79 0.00 0.00 0.00 0.00 0.00 0.00 
0.00 0.00 0.00 0.00 0.00 0.06 1.66 1.48 0.90 0.71 0.62 0.55 0.54 0.53 0.52 0.51 0.51 0.51 0.51 0.51 0.52 0.52 0.52 0.53 0.53 0.54 0.54 0.55 0.55 0.55 0.56 0.56 0.57 0.57 0.57 0.58 0.58 0.58 0.58 0.59 0.59 0.59 0.60 0.60 0.60 0.61 0.61 0.62 0.62 0.63 0.63 0.64 0.65 0.66 0.67 0.68 0.69 0.71 0.73 0.75 0.77 0.79 0.82 0.85 0.88 0.92 0.96 1.00 1.05 1.11 1.18 1.25 1.33 1.42 1.52 1.62 1.73 1.84 1.95 2.04 2.10 2.12 2.09 2.02 1.92 1.79 1.65 1.51 1.38 1.26 1.15 1.07 0.99 0.94 0.94 0.97 1.11 1.65 1.57 0.06 0.00 0.00 0.00 0.00 
0.00 0.00 0.00 0.00 0.06 2.15 1.20 0.76 0.64 0.57 0.52 0.45 0.44 0.43 0.42 0.42 0.42 0.42 0.42 0.42 0.42 0.42 0.43 0.43 0.43 0.44 0.44 0.45 0.45 0.45 0.46 0.46 0.46 0.46 0.47 0.47 0.47 0.47 0.48 0.48 0.48 0.48 0.49 0.49 0.49 0.49 0.50 0.50 0.51 0.51 0.52 0.52 0.53 0.54 0.55 0.56 0.57 0.58 0.59 0.61 0.62 0.64 0.67 0.69 0.72 0.75 0.78 0.82 0.86 0.91 0.96 1.02 1.08 1.16 1.23 1.32 1.41 1.50 1.59 1.66 1.71 1.72 1.71 1.65 1.56 1.46 1.34 1.23 1.12 1.03 0.94 0.87 0.81 0.77 0.78 0.77 0.82 0.93 1.25 1.75 0.06 0.00 0.00 0.00 
0.00 0.00 0.00 0.00 2.26 1.39 0.76 0.59 0.56 0.49 0.46 0.42 0.40 0.39 0.39 0.38 0.38 0.38 0.38 0.38 0.39 0.39 0.39 0.39 0.40 0.40 0.40 0.41 0.41 0.41 0.42 0.42 0.42 0.42 0.43 0.43 0.43 0.43 0.44 0.44 0.44 0.44 0.44 0.45 0.45 0.45 0.46 0.46 0.46 0.47 0.47 0.48 0.48 0.49 0.50 0.51 0.52 0.53 0.54 0.56 0.57 0.59 0.61 0.63 0.66 0.68 0.71 0.75 0.79 0.83 0.88 0.93 0.99 1.06 1.13 1.21 1.29 1.38 1.46 1.52 1.57 1.58 1.56 1.51 1.43 1.33 1.22 1.12 1.02 0.93 0.86 0.79 0.74 0.70 0.69 0.67 0.70 0.75 0.87 1.22 1.50 0.00 0.00 0.00 
0.00 0.00 0.00 1.43 2.27 0.97 0.66 0.58 0.51 0.44 0.41 0.39 0.38 0.37 0.36 0.36 0.36 0.36 0.36 0.36 0.36 0.37 0.37 0.37 0.37 0.38 0.38 0.38 0.39 0.39 0.39 0.39 0.40 0.40 0.40 0.40 0.41 0.41 0.41 0.41 0.41 0.42 0.42 0.42 0.42 0.43 0.43 0.43 0.44 0.44 0.44 0.45 0.46 0.46 0.47 0.48 0.49 0.50 0.51 0.52 0.54 0.55 0.57 0.59 0.62 0.64 0.67 0.71 0.74 0.78 0.83 0.88 0.94 1.00 1.07 1.14 1.22 1.30 1.37 1.44 1.48 1.49 1.47 1.41 1.34 1.24 1.14 1.04 0.95 0.87 0.80 0.74 0.69 0.64 0.62 0.61 0.63 0.66 0.73 0.88 1.53 0.72 0.00 0.00 
0.00 0.00 0.00 3.18 1.49 0.90 0.68 0.56 0.44 0.43 0.39 0.37 0.35 0.34 0.34 0.34 0.33 0.33 0.33 0.34 0.34 0.34 0.34 0.34 0.35 0.35 0.35 0.36 0.36 0.36 0.36 0.37 0.37 0.37 0.37 0.38 0.38 0.38 0.38 0.38 0.38 0.39 0.39 0.39 0.39 0.40 0.40 0.40 0.41 0.41 0.41 0.42 0.42 0.43 0.44 0.44 0.45 0.46 0.47 0.49 0.50 0.52 0.53 0.55 0.57 0.60 0.63 0.66 0.69 0.73 0.77 0.82 0.87 0.93 0.99 1.06 1.13 1.21 1.27 1.33 1.37 1.38 1.36 1.32 1.24 1.16 1.07 0.98 0.89 0.82 0.75 0.69 0.64 0.60 0.58 0.58 0.58 0.61 0.66 0.75 1.00 1.62 0.00 0.00 
0.00 0.00 0.96 3.23 1.28 0.83 0.63 0.51 0.46 0.41 0.35 0.35 0.34 0.33 0.33 0.32 0.32 0.32 0.32 0.32 0.33 0.33 0.33 0.33 0.34 0.34 0.34 0.34 0.35 0.35 0.35 0.35 0.36 0.36 0.36 0.36 0.36 0.37 0.37 0.37 0.37 0.37 0.37 0.38 0.38 0.38 0.38 0.39 0.39 0.39 0.40 0.40 0.41 0.41 0.42 0.43 0.44 0.45 0.46 0.47 0.48 0.50 0.51 0.53 0.55 0.58 0.60 0.63 0.67 0.70 0.74 0.79 0.84 0.90 0.96 1.03 1.10 1.17 1.23 1.29 1.32 1.33 1.31 1.27 1.20 1.11 1.03 0.94 0.86 0.78 0.72 0.66 0.62 0.58 0.56 0.55 0.56 0.57 0.61 0.68 0.84 1.63 0.36 0.00 
0.00 0.00 2.91 2.31 1.19 0.82 0.62 0.49 0.44 0.37 0.37 0.34 0.33 0.32 0.32 0.31 0.31 0.31 0.31 0.31 0.31 0.32 0.32 0.32 0.32 0.33 0.33 0.33 0.33 0.34 0.34 0.34 0.34 0.35 0.35 0.35 0.35 0.35 0.35 0.35 0.36 0.36 0.36 0.36 0.36 0.37 0.37 0.37 0.38 0.38 0.38 0.39 0.39 0.40 0.41 0.41 0.42 0.43 0.44 0.45 0.47 0.48 0.50 0.51 0.53 0.56 0.58 0.61 0.64 0.68 0.72 0.76 0.81 0.87 0.93 0.99 1.06 1.13 1.20 1.25 1.28 1.29 1.27 1.22 1.15 1.06 0.98 0.89 0.81 0.74 0.68 0.63 0.59 0.56 0.55 0.53 0.53 0.55 0.60 0.66 0.78 1.16 1.03 0.00 
0.00 0.00 3.67 2.10 1.09 0.75 0.61 0.50 0.43 0.38 0.36 0.34 0.32 0.32 0.31 0.31 0.31 0.31 0.31 0.31 0.31 0.31 0.31 0.32 0.32 0.32 0.32 0.33 0.33 0.33 0.33 0.34 0.34 0.34 0.34 0.34 0.35 0.35 0.35 0.35 0.35 0.35 0.36 0.36 0.36 0.36 0.36 0.37 0.37 0.37 0.38 0.38 0.39 0.39 0.40 0.41 0.42 0.42 0.43 0.45 0.46 0.47 0.49 0.51 0.53 0.55 0.57 0.60 0.63 0.67 0.71 0.75 0.80 0.85 0.91 0.98 1.05 1.11 1.18 1.23 1.26 1.27 1.25 1.20 1.13 1.05 0.96 0.88 0.80 0.74 0.68 0.62 0.58 0.55 0.53 0.53 0.53 0.55 0.57 0.61 0.74 1.04 1.25 0.00 
0.00 0.00 3.93 2.07 1.09 0.75 0.61 0.50 0.43 0.38 0.36 0.34 0.32 0.31 0.31 0.31 0.31 0.30 0.31 0.31 0.31 0.31 0.31 0.31 0.32 0.32 0.32 0.32 0.33 0.33 0.33 0.33 0.34 0.34 0.34 0.34 0.34 0.35 0.35 0.35 0.35 0.35 0.35 0.36 0.36 0.36 0.36 0.37 0.37 0.37 0.38 0.38 0.39 0.39 0.40 0.41 0.41 0.42 0.43 0.44 0.46 0.47 0.49 0.50 0.52 0.55 0.57 0.60 0.63 0.67 0.70 0.75 0.80 0.85 0.91 0.97 1.04 1.11 1.17 1.22 1.25 1.26 1.24 1.19 1.13 1.05 0.96 0.88 0.80 0.73 0.67 0.62 0.58 0.55 0.53 0.53 0.53 0.55 0.56 0.61 0.73 1.02 1.32 0.00 
0.00 0.00 3.71 2.12 1.11 0.76 0.61 0.50 0.43 0.38 0.36 0.34 0.32 0.32 0.31 0.31 0.31 0.31 0.31 0.31 0.31 0.31 0.31 0.32 0.32 0.32 0.32 0.33 0.33 0.33 0.33 0.34 0.34 0.34 0.34 0.34 0.35 0.35 0.35 0.35 0.35 0.35 0.36 0.36 0.36 0.36 0.36 0.37 0.37 0.37 0.38 0.38 0.39 0.39 0.40 0.41 0.42 0.42 0.43 0.45 0.46 0.47 0.49 0.51 0.53 0.55 0.57 0.60 0.63 0.67 0.71 0.75 0.80 0.86 0.91 0.98 1.05 1.11 1.18 1.23 1.26 1.27 1.25 1.20 1.13 1.05 0.96 0.88 0.80 0.74 0.68 0.62 0.58 0.55 0.53 0.53 0.53 0.55 0.57 0.61 0.74 1.05 1.25 0.00 
0.00 0.00 2.99 2.35 1.20 0.82 0.63 0.49 0.44 0.38 0.37 0.34 0.33 0.32 0.32 0.31 0.31 0.31 0.31 0.31 0.31 0.32 0.32 0.32 0.32 0.33 0.33 0.33 0.33 0.34 0.34 0.34 0.34 0.35 0.35 0.35 0.35 0.35 0.35 0.35 0.36 0.36 0.36 0.36 0.36 0.37 0.37 0.37 0.38 0.38 0.38 0.39 0.39 0.40 0.41 0.41 0.42 0.43 0.44 0.45 0.47 0.48 0.50 0.51 0.53 0.56 0.58 0.61 0.64 0.68 0.72 0.76 0.81 0.87 0.93 0.99 1.06 1.13 1.20 1.25 1.28 1.29 1.27 1.22 1.15 1.06 0.98 0.89 0.81 0.74 0.68 0.63 0.59 0.56 0.51 0.53 0.54 0.55 0.60 0.66 0.78 1.12 1.03 0.00 
0.00 0.00 1.01 3.31 1.30 0.85 0.63 0.52 0.46 0.41 0.36 0.35 0.34 0.33 0.33 0.32 0.32 0.32 0.32 0.32 0.33 0.33 0.33 0.33 0.34 0.34 0.34 0.34 0.35 0.35 0.35 0.35 0.36 0.36 0.36 0.36 0.36 0.37 0.37 0.37 0.37 0.37 0.37 0.38 0.38 0.38 0.38 0.39 0.39 0.39 0.40 0.40 0.41 0.41 0.42 0.43 0.44 0.45 0.46 0.47 0.48 0.50 0.51 0.53 0.55 0.58 0.60 0.63 0.67 0.70 0.74 0.79 0.84 0.90 0.96 1.03 1.10 1.17 1.23 1.29 1.32 1.33 1.31 1.27 1.20 1.11 1.03 0.94 0.86 0.78 0.72 0.67 0.62 0.58 0.56 0.55 0.51 0.57 0.61 0.69 0.80 1.64 0.36 0.00 
0.00 0.00 0.00 3.31 1.53 0.94 0.69 0.56 0.46 0.43 0.39 0.37 0.35 0.34 0.34 0.34 0.33 0.33 0.33 0.34 0.34 0.34 0.34 0.34 0.35 0.35 0.35 0.36 0.36 0.36 0.36 0.37 0.37 0.37 0.37 0.38 0.38 0.38 0.38 0.38 0.38 0.39 0.39 0.39 0.39 0.40 0.40 0.40 0.41 0.41 0.41 0.42 0.42 0.43 0.44 0.44 0.45 0.46 0.47 0.49 0.50 0.52 0.53 0.55 0.57 0.60 0.63 0.66 0.69 0.73 0.77 0.82 0.87 0.93 0.99 1.06 1.13 1.21 1.27 1.33 1.37 1.38 1.36 1.32 1.24 1.16 1.07 0.98 0.89 0.82 0.75 0.69 0.64 0.61 0.58 0.53 0.58 0.54 0.63 0.68 0.95 1.63 0.00 0.00 
0.00 0.00 0.00 1.47 2.35 1.10 0.76 0.60 0.52 0.44 0.41 0.39 0.38 0.37 0.36 0.36 0.36 0.36 0.36 0.36 0.36 0.37 0.37 0.37 0.37 0.38 0.38 0.38 0.39 0.39 0.39 0.39 0.40 0.40 0.40 0.40 0.41 0.41 0.41 0.41 0.41 0.42 0.42 0.42 0.42 0.43 0.43 0.43 0.44 0.44 0.44 0.45 0.46 0.46 0.47 0.48 0.49 0.50 0.51 0.52 0.54 0.55 0.57 0.59 0.62 0.64 0.67 0.71 0.74 0.78 0.83 0.88 0.94 1.00 1.07 1.14 1.22 1.30 1.38 1.44 1.48 1.49 1.47 1.41 1.34 1.24 1.14 1.04 0.95 0.87 0.80 0.74 0.69 0.65 0.62 0.61 0.56 0.65 0.72 0.81 1.54 0.72 0.00 0.00 
0.00 0.00 0.00 0.00 2.31 1.51 0.91 0.68 0.57 0.49 0.46 0.42 0.40 0.39 0.39 0.38 0.38 0.38 0.38 0.38 0.39 0.39 0.39 0.39 0.40 0.40 0.40 0.41 0.41 0.41 0.42 0.42 0.42 0.42 0.43 0.43 0.43 0.43 0.44 0.44 0.44 0.44 0.44 0.45 0.45 0.45 0.46 0.46 0.46 0.47 0.47 0.48 0.48 0.49 0.50 0.51 0.52 0.53 0.54 0.56 0.57 0.59 0.61 0.63 0.66 0.68 0.71 0.75 0.79 0.83 0.88 0.93 0.99 1.06 1.13 1.21 1.29 1.38 1.46 1.52 1.57 1.58 1.56 1.51 1.43 1.33 1.22 1.12 1.02 0.93 0.86 0.79 0.74 0.70 0.69 0.67 0.67 0.74 0.84 1.22 1.51 0.00 0.00 0.00 
0.00 0.00 0.00 0.00 0.08 2.20 1.30 0.84 0.66 0.57 0.52 0.46 0.44 0.43 0.42 0.42 0.42 0.42 0.42 0.42 0.42 0.42 0.43 0.43 0.43 0.44 0.44 0.45 0.45 0.45 0.46 0.46 0.46 0.46 0.47 0.47 0.47 0.47 0.48 0.48 0.48 0.48 0.49 0.49 0.49 0.49 0.50 0.50 0.51 0.51 0.52 0.52 0.53 0.54 0.55 0.56 0.57 0.58 0.59 0.61 0.62 0.64 0.67 0.69 0.72 0.75 0.78 0.82 0.86 0.91 0.96 1.02 1.08 1.16 1.23 1.32 1.41 1.50 1.59 1.66 1.71 1.72 1.71 1.65 1.56 1.46 1.34 1.23 1.12 1.03 0.94 0.87 0.81 0.77 0.78 0.78 0.75 0.86 1.26 1.76 0.06 0.00 0.00 0.00 
0.00 0.00 0.00 0.00 0.00 0.07 1.67 1.50 0.90 0.71 0.62 0.56 0.54 0.53 0.52 0.51 0.51 0.51 0.51 0.51 0.52 0.52 0.52 0.53 0.53 0.54 0.54 0.55 0.55 0.55 0.56 0.56 0.57 0.57 0.57 0.58 0.58 0.58 0.58 0.59 0.59 0.59 0.60 0.60 0.60 0.61 0.61 0.62 0.62 0.63 0.63 0.64 0.65 0.66 0.67 0.68 0.69 0.71 0.73 0.75 0.77 0.79 0.82 0.85 0.88 0.92 0.96 1.00 1.05 1.11 1.18 1.25 1.33 1.42 1.52 1.62 1.73 1.84 1.95 2.04 2.10 2.12 2.09 2.02 1.92 1.79 1.65 1.51 1.38 1.26 1.16 1.07 0.99 0.94 0.94 0.92 1.06 1.66 1.57 0.06 0.00 0.00 0.00 0.00 
0.00 0.00 0.00 0.00 0.00 0.00 0.00 0.72 1.50 1.39 0.94 0.82 0.77 0.75 0.74 0.73 0.73 0.73 0.73 0.73 0.74 0.74 0.75 0.75 0.76 0.77 0.77 0.78 0.79 0.79 0.80 0.80 0.81 0.81 0.82 0.82 0.83 0.83 0.83 0.84 0.84 0.84 0.85 0.85 0.86 0.86 0.87 0.88 0.89 0.89 0.90 0.91 0.93 0.94 0.96 0.97 0.99 1.01 1.04 1.06 1.09 1.13 1.17 1.21 1.26 1.31 1.37 1.43 1.51 1.59 1.68 1.79 1.90 2.03 2.17 2.32 2.48 2.64 2.79 2.92 3.00 3.02 2.98 2.88 2.72 2.53 2.33 2.13 1.95 1.78 1.64 1.51 1.40 1.35 1.38 1.93 1.84 0.79 0.00 0.00 0.00 0.00 0.00 0.00 
0.00 0.00 0.00 0.00 0.00 0.00 0.00 0.00 0.00 0.31 0.86 1.01 1.03 1.00 0.99 0.98 0.97 0.97 0.97 0.97 0.98 0.99 0.99 1.00 1.01 1.02 1.03 1.03 1.04 1.05 1.06 1.06 1.07 1.08 1.08 1.09 1.09 1.10 1.10 1.11 1.11 1.12 1.13 1.13 1.14 1.15 1.16 1.16 1.17 1.19 1.20 1.21 1.23 1.25 1.27 1.29 1.32 1.34 1.38 1.41 1.45 1.50 1.55 1.61 1.67 1.74 1.82 1.91 2.01 2.12 2.24 2.38 2.54 2.71 2.90 3.10 3.32 3.53 3.73 3.90 4.00 4.03 3.96 3.80 3.58 3.33 3.05 2.79 2.54 2.32 2.13 1.97 1.84 1.64 1.29 0.44 0.00 0.00 0.00 0.00 0.00 0.00 0.00 0.00 
0.00 0.00 0.00 0.00 0.00 0.00 0.00 0.00 0.00 0.00 0.00 0.00 0.00 0.00 0.00 0.00 0.00 0.00 0.00 0.00 0.00 0.00 0.00 0.00 0.00 0.00 0.00 0.00 0.00 0.00 0.00 0.00 0.00 0.00 0.00 0.00 0.00 0.00 0.00 0.00 0.00 0.00 0.00 0.00 0.00 0.00 0.00 0.00 0.00 0.00 0.00 0.00 0.00 0.00 0.00 0.00 0.00 0.00 0.00 0.00 0.00 0.00 0.00 0.00 0.00 0.00 0.00 0.00 0.00 0.00 0.00 0.00 0.00 0.00 0.00 0.00 0.00 0.00 0.00 0.00 0.00 0.00 0.00 0.00 0.00 0.00 0.00 0.00 0.00 0.00 0.00 0.00 0.00 0.00 0.00 0.00 0.00 0.00 0.00 0.00 0.00 0.00 0.00 0.00 
