0.00 0.00 0.00 0.00 0.00 0.00 0.00 0.00 0.00 0.00 0.00 0.00 0.00 0.00 0.00 0.00 0.00 0.00 0.00 0.00 0.00 0.00 0.00 0.00 0.00 0.00 0.00 0.00 0.00 0.00 0.00 0.00 0.00 0.00 0.00 0.00 0.00 0.00 0.00 0.00 0.00 0.00 0.00 0.00 0.00 0.00 0.00 0.00 0.00 0.00 0.00 0.00 0.00 0.00 0.00 0.00 0.00 0.00 0.00 0.00 0.00 0.00 0.00 0.00 0.00 0.00 0.00 0.00 0.00 0.00 0.00 0.00 0.00 0.00 0.00 0.00 0.00 0.00 0.00 0.00 0.00 0.00 0.00 
0.00 0.00 0.00 0.00 0.00 0.00 0.00 0.00 0.00 0.00 0.00 0.95 0.90 0.83 0.76 0.71 0.66 0.63 0.60 0.57 0.55 0.53 0.52 0.51 0.50 0.49 0.49 0.48 0.48 0.47 0.47 0.47 0.47 0.47 0.47 0.47 0.47 0.47 0.47 0.47 0.47 0.47 0.47 0.47 0.48 0.48 0.48 0.48 0.48 0.48 0.48 0.48 0.48 0.48 0.47 0.47 0.47 0.47 0.47 0.47 0.47 0.46 0.46 0.46 0.46 0.45 0.45 0.45 0.45 0.45 0.45 0.44 0.45 0.00 0.00 0.00 0.00 0.00 0.00 0.00 0.00 0.00 0.00 
0.00 0.00 0.00 0.00 0.00 0.00 0.00 3.36 4.58 2.17 2.27 1.95 1.77 1.61 1.48 1.37 1.28 1.21 1.15 1.10 1.06 1.03 1.01 0.98 0.97 0.95 0.94 0.93 0.92 0.92 0.92 0.91 0.91 0.91 0.91 0.91 0.91 0.91 0.91 0.91 0.92 0.92 0.92 0.92 0.92 0.92 0.92 0.92 0.92 0.92 0.92 0.92 0.92 0.92 0.92 0.92 0.92 0.91 0.91 0.91 0.90 0.90 0.89 0.89 0.89 0.88 0.88 0.87 0.87 0.86 0.86 0.86 0.91 1.11 1.49 1.70 0.66 0.00 0.00 0.00 0.00 0.00 0.00 
0.00 0.00 0.00 0.00 0.00 0.00 5.18 2.91 2.39 1.62 1.15 1.58 1.45 1.32 1.21 1.12 1.05 0.99 0.94 0.90 0.87 0.84 0.82 0.80 0.79 0.78 0.77 0.76 0.75 0.75 0.75 0.74 0.74 0.74 0.74 0.74 0.74 0.74 0.74 0.74 0.75 0.75 0.75 0.75 0.75 0.75 0.75 0.75 0.75 0.75 0.75 0.75 0.75 0.75 0.75 0.75 0.75 0.74 0.74 0.74 0.74 0.73 0.73 0.73 0.72 0.72 0.72 0.71 0.71 0.71 0.71 0.70 0.74 0.56 0.75 1.03 1.60 1.62 0.05 0.00 0.00 0.00 0.00 
0.00 0.00 0.00 0.00 6.06 3.68 3.34 1.70 1.69 1.14 1.50 1.29 1.17 1.06 0.98 0.90 0.84 0.80 0.76 0.72 0.70 0.68 0.66 0.64 0.63 0.62 0.61 0.61 0.60 0.60 0.60 0.60 0.59 0.59 0.59 0.59 0.59 0.60 0.60 0.60 0.60 0.60 0.60 0.60 0.60 0.60 0.60 0.60 0.60 0.60 0.60 0.60 0.60 0.60 0.60 0.60 0.60 0.60 0.60 0.59 0.59 0.59 0.59 0.58 0.58 0.58 0.58 0.57 0.57 0.57 0.57 0.57 0.60 0.66 0.53 0.75 0.83 1.29 1.92 0.07 0.00 0.00 0.00 
0.00 0.00 0.00 0.00 4.40 3.62 2.74 1.45 1.55 1.03 0.72 1.23 1.13 1.03 0.95 0.88 0.82 0.77 0.73 0.70 0.68 0.65 0.64 0.62 0.61 0.60 0.60 0.59 0.59 0.58 0.58 0.58 0.58 0.58 0.58 0.58 0.58 0.58 0.58 0.58 0.58 0.58 0.58 0.58 0.58 0.58 0.58 0.59 0.59 0.59 0.59 0.59 0.58 0.58 0.58 0.58 0.58 0.58 0.58 0.58 0.57 0.57 0.57 0.57 0.56 0.56 0.56 0.56 0.55 0.55 0.55 0.55 0.56 0.35 0.48 0.65 0.65 0.90 1.34 1.78 0.00 0.00 0.00 
0.00 0.00 0.00 8.79 4.81 3.25 2.65 1.47 1.73 1.23 0.89 0.72 0.65 0.59 0.54 0.50 0.47 0.44 0.42 0.40 0.38 0.37 0.36 0.36 0.35 0.34 0.34 0.34 0.33 0.33 0.33 0.33 0.33 0.33 0.33 0.33 0.33 0.33 0.33 0.33 0.33 0.33 0.33 0.33 0.33 0.33 0.33 0.33 0.34 0.34 0.34 0.34 0.33 0.33 0.33 0.33 0.33 0.33 0.33 0.33 0.33 0.33 0.33 0.32 0.32 0.32 0.32 0.32 0.32 0.32 0.32 0.32 0.34 0.42 0.54 0.60 0.63 0.76 0.97 1.83 0.93 0.00 0.00 
0.00 0.00 7.96 5.94 2.96 2.04 1.69 1.89 1.06 0.75 1.22 1.10 0.99 0.90 0.83 0.77 0.72 0.68 0.64 0.62 0.59 0.58 0.56 0.55 0.54 0.53 0.52 0.52 0.52 0.51 0.51 0.51 0.51 0.51 0.51 0.51 0.51 0.51 0.51 0.51 0.51 0.51 0.51 0.51 0.51 0.51 0.51 0.52 0.52 0.52 0.52 0.52 0.51 0.51 0.51 0.51 0.51 0.51 0.51 0.51 0.50 0.50 0.50 0.50 0.50 0.49 0.49 0.49 0.49 0.48 0.48 0.48 0.49 0.50 0.31 0.51 0.61 0.68 0.81 1.19 2.15 0.00 0.00 
0.00 0.00 12.35 5.69 3.46 2.56 2.34 1.25 1.59 1.31 0.91 0.73 0.66 0.59 0.54 0.50 0.47 0.44 0.42 0.40 0.39 0.38 0.37 0.36 0.35 0.35 0.34 0.34 0.34 0.33 0.33 0.33 0.33 0.33 0.33 0.33 0.33 0.33 0.33 0.33 0.33 0.33 0.34 0.34 0.34 0.34 0.34 0.34 0.34 0.34 0.34 0.34 0.34 0.34 0.34 0.34 0.34 0.33 0.33 0.33 0.33 0.33 0.33 0.33 0.33 0.32 0.32 0.32 0.32 0.32 0.32 0.32 0.36 0.46 0.50 0.53 0.56 0.63 0.76 1.01 2.17 0.53 0.00 
0.00 0.00 6.72 4.57 2.80 2.03 1.88 1.04 1.47 0.81 0.60 0.52 0.46 0.41 0.38 0.35 0.32 0.30 0.29 0.27 0.26 0.26 0.25 0.24 0.24 0.24 0.23 0.23 0.23 0.23 0.23 0.23 0.23 0.23 0.23 0.23 0.23 0.23 0.23 0.23 0.23 0.23 0.23 0.23 0.23 0.23 0.23 0.23 0.23 0.23 0.23 0.23 0.23 0.23 0.23 0.23 0.23 0.23 0.23 0.23 0.23 0.23 0.23 0.22 0.22 0.22 0.22 0.22 0.22 0.22 0.22 0.22 0.22 0.27 0.46 0.51 0.44 0.62 0.74 0.94 1.54 1.55 0.00 
0.00 0.00 8.27 3.90 3.83 1.79 1.58 1.83 1.19 0.70 0.60 0.52 0.46 0.41 0.37 0.34 0.32 0.30 0.28 0.27 0.26 0.25 0.25 0.24 0.24 0.23 0.23 0.23 0.23 0.23 0.22 0.22 0.22 0.22 0.22 0.22 0.22 0.22 0.22 0.22 0.22 0.23 0.23 0.23 0.23 0.23 0.23 0.23 0.23 0.23 0.23 0.23 0.23 0.23 0.23 0.23 0.23 0.23 0.23 0.22 0.22 0.22 0.22 0.22 0.22 0.22 0.22 0.22 0.22 0.22 0.22 0.22 0.22 0.23 0.36 0.50 0.54 0.60 0.67 0.89 1.39 1.91 0.00 
0.00 0.00 7.98 3.79 3.74 1.78 1.49 1.82 1.09 0.70 0.60 0.99 0.91 0.82 0.75 0.70 0.65 0.61 0.58 0.56 0.54 0.52 0.51 0.49 0.49 0.48 0.47 0.47 0.46 0.46 0.46 0.46 0.46 0.46 0.46 0.46 0.46 0.46 0.46 0.46 0.46 0.46 0.46 0.46 0.46 0.46 0.46 0.46 0.47 0.47 0.47 0.47 0.46 0.46 0.46 0.46 0.46 0.46 0.46 0.46 0.46 0.45 0.45 0.45 0.45 0.45 0.44 0.44 0.44 0.44 0.44 0.44 0.44 0.23 0.33 0.50 0.54 0.60 0.68 0.88 1.36 2.04 0.00 
0.00 0.00 8.58 4.03 3.96 1.80 1.58 1.84 1.20 0.70 0.60 1.00 0.91 0.83 0.76 0.70 0.65 0.61 0.58 0.56 0.54 0.52 0.51 0.50 0.49 0.48 0.47 0.47 0.47 0.46 0.46 0.46 0.46 0.46 0.46 0.46 0.46 0.46 0.46 0.46 0.46 0.46 0.46 0.46 0.47 0.47 0.47 0.47 0.47 0.47 0.47 0.47 0.47 0.47 0.47 0.46 0.46 0.46 0.46 0.46 0.46 0.46 0.45 0.45 0.45 0.45 0.45 0.44 0.44 0.44 0.44 0.44 0.45 0.23 0.36 0.50 0.55 0.60 0.69 0.89 1.40 1.93 0.00 
0.00 0.00 10.55 4.85 4.35 2.09 1.91 1.87 1.51 0.82 0.60 0.52 0.46 0.41 0.38 0.35 0.32 0.30 0.29 0.27 0.26 0.26 0.25 0.24 0.24 0.24 0.23 0.23 0.23 0.23 0.23 0.23 0.23 0.23 0.23 0.23 0.23 0.23 0.23 0.23 0.23 0.23 0.23 0.23 0.23 0.23 0.23 0.23 0.23 0.23 0.23 0.23 0.23 0.23 0.23 0.23 0.23 0.23 0.23 0.23 0.23 0.23 0.23 0.22 0.22 0.22 0.22 0.22 0.22 0.22 0.22 0.22 0.23 0.24 0.46 0.51 0.55 0.63 0.75 0.94 1.50 1.56 0.00 
0.00 0.00 14.33 6.33 3.64 2.68 2.43 1.24 1.62 1.32 0.91 0.73 0.65 0.59 0.54 0.50 0.46 0.44 0.41 0.40 0.38 0.37 0.36 0.35 0.35 0.34 0.34 0.34 0.33 0.33 0.33 0.33 0.33 0.33 0.33 0.33 0.33 0.33 0.33 0.33 0.33 0.33 0.33 0.33 0.33 0.33 0.33 0.33 0.33 0.34 0.34 0.33 0.33 0.33 0.33 0.33 0.33 0.33 0.33 0.33 0.33 0.33 0.33 0.32 0.32 0.32 0.32 0.32 0.32 0.32 0.32 0.32 0.36 0.46 0.50 0.48 0.56 0.64 0.77 0.96 2.19 0.53 0.00 
0.00 0.00 17.50 8.85 5.15 3.60 2.68 1.98 1.72 1.45 1.25 1.10 0.98 0.89 0.81 0.75 0.70 0.66 0.63 0.60 0.58 0.56 0.55 0.53 0.53 0.52 0.51 0.51 0.50 0.50 0.50 0.50 0.50 0.50 0.50 0.50 0.50 0.50 0.50 0.50 0.50 0.50 0.50 0.50 0.50 0.50 0.50 0.51 0.51 0.51 0.51 0.51 0.51 0.50 0.50 0.50 0.50 0.50 0.50 0.50 0.50 0.49 0.49 0.49 0.49 0.49 0.48 0.48 0.48 0.48 0.48 0.48 0.49 0.50 0.47 0.55 0.54 0.66 0.77 1.15 2.19 0.00 0.00 
0.00 0.00 7.21 13.91 5.77 3.60 2.84 2.30 1.81 1.24 1.31 1.17 1.05 0.95 0.87 0.80 0.75 0.71 0.67 0.64 0.62 0.60 0.58 0.57 0.56 0.55 0.55 0.54 0.54 0.54 0.53 0.53 0.53 0.53 0.53 0.53 0.53 0.53 0.53 0.53 0.54 0.54 0.54 0.54 0.54 0.54 0.54 0.54 0.54 0.54 0.54 0.54 0.54 0.54 0.54 0.54 0.54 0.54 0.53 0.53 0.53 0.53 0.53 0.52 0.52 0.52 0.52 0.52 0.52 0.52 0.52 0.52 0.52 0.52 0.54 0.53 0.65 0.76 0.91 1.87 0.96 0.00 0.00 
0.00 0.00 0.00 14.44 9.03 4.99 3.40 2.60 2.00 1.71 1.43 1.24 1.11 1.01 0.92 0.85 0.79 0.75 0.71 0.68 0.65 0.63 0.62 0.60 0.59 0.59 0.58 0.57 0.57 0.57 0.56 0.56 0.56 0.56 0.56 0.56 0.56 0.56 0.56 0.56 0.57 0.57 0.57 0.57 0.57 0.57 0.57 0.57 0.57 0.57 0.57 0.57 0.57 0.57 0.57 0.57 0.57 0.57 0.57 0.56 0.56 0.56 0.56 0.56 0.55 0.55 0.55 0.55 0.55 0.55 0.55 0.55 0.55 0.58 0.60 0.63 0.74 0.89 1.38 1.84 0.00 0.00 0.00 
0.00 0.00 0.00 0.41 13.26 7.29 4.27 3.02 2.32 1.95 1.52 1.35 1.21 1.10 1.00 0.93 0.86 0.81 0.77 0.74 0.71 0.69 0.67 0.66 0.65 0.64 0.63 0.63 0.62 0.62 0.62 0.61 0.61 0.61 0.61 0.61 0.61 0.61 0.62 0.62 0.62 0.62 0.62 0.62 0.62 0.62 0.62 0.62 0.62 0.63 0.63 0.62 0.62 0.62 0.62 0.62 0.62 0.62 0.62 0.62 0.61 0.61 0.61 0.61 0.60 0.60 0.60 0.60 0.60 0.60 0.60 0.60 0.61 0.66 0.69 0.70 0.85 1.33 2.00 0.07 0.00 0.00 0.00 
0.00 0.00 0.00 0.00 0.43 9.62 7.66 4.17 2.95 2.35 1.91 1.66 1.49 1.34 1.23 1.13 1.06 1.00 0.95 0.91 0.87 0.85 0.82 0.81 0.79 0.78 0.77 0.77 0.76 0.76 0.75 0.75 0.75 0.75 0.75 0.75 0.75 0.75 0.75 0.75 0.76 0.76 0.76 0.76 0.76 0.76 0.76 0.76 0.77 0.77 0.77 0.77 0.77 0.76 0.76 0.76 0.76 0.76 0.76 0.75 0.75 0.75 0.75 0.74 0.74 0.74 0.74 0.73 0.73 0.73 0.73 0.73 0.75 0.80 0.83 1.00 1.66 1.68 0.07 0.00 0.00 0.00 0.00 
0.00 0.00 0.00 0.00 0.00 0.00 3.59 6.96 5.89 3.60 2.80 2.40 2.14 1.93 1.76 1.62 1.51 1.42 1.35 1.29 1.25 1.21 1.18 1.15 1.13 1.11 1.10 1.09 1.08 1.08 1.07 1.07 1.07 1.07 1.07 1.07 1.07 1.07 1.07 1.08 1.08 1.08 1.08 1.08 1.09 1.09 1.09 1.09 1.09 1.09 1.09 1.09 1.09 1.09 1.09 1.09 1.08 1.08 1.08 1.08 1.07 1.07 1.06 1.06 1.06 1.05 1.05 1.05 1.04 1.04 1.04 1.05 1.08 1.17 1.73 1.76 0.80 0.00 0.00 0.00 0.00 0.00 0.00 
0.00 0.00 0.00 0.00 0.00 0.00 0.00 0.00 1.33 3.36 3.55 3.28 2.90 2.60 2.36 2.17 2.01 1.89 1.80 1.72 1.66 1.60 1.56 1.53 1.50 1.48 1.46 1.45 1.44 1.43 1.42 1.42 1.42 1.41 1.41 1.42 1.42 1.42 1.42 1.42 1.43 1.43 1.43 1.43 1.44 1.44 1.44 1.44 1.44 1.44 1.44 1.44 1.44 1.44 1.44 1.44 1.43 1.43 1.43 1.42 1.42 1.41 1.41 1.40 1.40 1.39 1.39 1.39 1.38 1.38 1.39 1.39 1.33 1.10 0.39 0.00 0.00 0.00 0.00 0.00 0.00 0.00 0.00 
0.00 0.00 0.00 0.00 0.00 0.00 0.00 0.00 0.00 0.00 0.00 0.00 0.00 0.00 0.00 0.00 0.00 0.00 0.00 0.00 0.00 0.00 0.00 0.00 0.00 0.00 0.00 0.00 0.00 0.00 0.00 0.00 0.00 0.00 0.00 0.00 0.00 0.00 0.00 0.00 0.00 0.00 0.00 0.00 0.00 0.00 0.00 0.00 0.00 0.00 0.00 0.00 0.00 0.00 0.00 0.00 0.00 0.00 0.00 0.00 0.00 0.00 0.00 0.00 0.00 0.00 0.00 0.00 0.00 0.00 0.00 0.00 0.00 0.00 0.00 0.00 0.00 0.00 0.00 0.00 0.00 0.00 0.00 
