0.00 0.00 0.00 0.00 0.00 0.00 0.00 0.00 0.00 0.00 0.00 0.00 0.00 0.00 0.00 0.00 0.00 0.00 0.00 0.00 0.00 0.00 0.00 0.00 0.00 0.00 0.00 0.00 0.00 0.00 0.00 0.00 0.00 0.00 0.00 0.00 0.00 0.00 0.00 0.00 0.00 0.00 0.00 0.00 0.00 0.00 0.00 0.00 0.00 0.00 0.00 0.00 0.00 0.00 0.00 0.00 0.00 0.00 0.00 0.00 0.00 0.00 0.00 0.00 0.00 0.00 0.00 0.00 0.00 0.00 0.00 0.00 0.00 0.00 0.00 0.00 0.00 0.00 0.00 0.00 0.00 0.00 0.00 
0.00 0.00 0.00 0.00 0.00 0.00 0.00 0.00 0.00 0.00 0.00 13.99 15.27 17.32 19.94 23.02 26.45 30.09 33.83 37.53 41.11 44.50 47.67 50.62 53.37 55.92 58.30 60.53 62.61 64.56 66.41 68.15 69.79 71.35 72.83 74.23 75.57 76.84 78.05 79.21 80.32 81.39 82.40 83.38 84.32 85.23 86.10 86.95 87.76 88.55 89.32 90.06 90.78 91.48 92.16 92.82 93.47 94.10 94.72 95.33 95.92 96.50 97.06 97.62 98.16 98.69 99.21 99.72 100.21 100.67 101.11 101.49 101.75 0.00 0.00 0.00 0.00 0.00 0.00 0.00 0.00 0.00 0.00 
0.00 0.00 0.00 0.00 0.00 0.00 0.00 17.41 38.51 44.21 62.30 70.27 79.78 91.06 104.12 118.79 134.77 151.67 169.01 186.35 203.31 219.61 235.11 249.72 263.44 276.31 288.37 299.68 310.31 320.30 329.72 338.61 347.01 354.96 362.50 369.66 376.47 382.95 389.13 395.03 400.67 406.07 411.24 416.20 420.97 425.56 429.99 434.25 438.37 442.36 446.22 449.97 453.60 457.14 460.57 463.92 467.19 470.37 473.48 476.52 479.49 482.40 485.25 488.03 490.76 493.42 496.02 498.56 501.03 503.43 505.74 507.96 510.08 512.17 411.54 412.86 207.10 0.00 0.00 0.00 0.00 0.00 0.00 
0.00 0.00 0.00 0.00 0.00 0.00 33.20 44.95 59.46 67.26 76.36 99.53 112.53 128.14 146.21 166.51 188.63 212.04 236.10 260.22 283.87 306.66 328.36 348.86 368.13 386.21 403.16 419.06 434.00 448.04 461.28 473.76 485.56 496.72 507.31 517.35 526.90 535.99 544.66 552.93 560.83 568.40 575.65 582.61 589.29 595.73 601.92 607.90 613.68 619.27 624.68 629.92 635.01 639.96 644.78 649.47 654.04 658.50 662.86 667.12 671.28 675.36 679.34 683.24 687.06 690.79 694.43 697.99 701.45 704.80 708.03 711.13 714.04 614.80 617.34 619.61 518.41 416.23 104.42 0.00 0.00 0.00 0.00 
0.00 0.00 0.00 0.00 13.67 30.93 49.89 55.53 71.72 80.77 102.69 115.74 130.98 148.79 169.17 191.92 216.65 242.78 269.68 296.71 323.30 349.03 373.64 396.96 418.96 439.66 459.10 477.36 494.54 510.70 525.93 540.30 553.88 566.73 578.91 590.47 601.45 611.91 621.87 631.37 640.46 649.15 657.48 665.47 673.14 680.52 687.64 694.50 701.12 707.53 713.73 719.75 725.59 731.26 736.78 742.15 747.39 752.50 757.49 762.37 767.13 771.80 776.36 780.82 785.18 789.45 793.62 797.68 801.64 805.48 809.20 812.77 816.22 819.59 720.31 723.09 622.44 624.68 418.33 209.79 0.00 0.00 0.00 
0.00 0.00 0.00 0.00 28.97 46.43 59.11 66.21 83.75 94.18 106.26 132.78 149.66 169.51 192.17 217.37 244.68 273.54 303.27 333.18 362.69 391.34 418.82 444.96 469.67 492.97 514.90 535.54 554.95 573.24 590.47 606.74 622.11 636.66 650.45 663.53 675.95 687.78 699.04 709.79 720.05 729.87 739.28 748.30 756.97 765.31 773.34 781.08 788.56 795.79 802.79 809.57 816.16 822.55 828.78 834.83 840.74 846.50 852.12 857.62 862.99 868.24 873.37 878.40 883.31 888.12 892.81 897.39 901.84 906.17 910.36 914.39 918.21 819.86 823.32 826.58 726.44 729.19 627.62 420.23 105.37 0.00 0.00 
0.00 0.00 0.00 26.34 42.68 54.51 68.37 76.62 95.22 107.01 120.71 136.21 153.66 173.51 195.81 220.37 246.85 274.75 303.50 332.52 361.26 389.32 416.38 442.25 466.84 490.12 512.10 532.84 552.40 570.84 588.24 604.68 620.21 634.91 648.85 662.06 674.62 686.56 697.93 708.77 719.13 729.03 738.52 747.61 756.34 764.74 772.82 780.62 788.14 795.41 802.45 809.27 815.89 822.32 828.57 834.65 840.58 846.36 852.00 857.51 862.90 868.16 873.31 878.34 883.26 888.07 892.77 897.36 901.83 906.18 910.40 914.50 918.49 922.48 926.36 930.04 830.36 833.56 732.54 630.61 422.06 0.00 0.00 
0.00 0.00 11.86 33.02 43.58 55.95 70.24 86.83 97.45 109.65 134.92 151.74 171.18 193.28 218.01 245.18 274.43 305.23 336.97 369.02 400.81 431.87 461.86 490.57 517.89 543.77 568.24 591.34 613.12 633.68 653.07 671.39 688.71 705.10 720.62 735.34 749.33 762.63 775.29 787.36 798.89 809.91 820.47 830.58 840.30 849.64 858.63 867.29 875.66 883.75 891.57 899.16 906.51 913.66 920.61 927.37 933.96 940.39 946.66 952.79 958.77 964.62 970.34 975.94 981.41 986.76 991.98 997.09 1002.06 1006.91 1011.62 1016.20 1020.64 1024.91 926.53 930.36 934.10 833.91 732.97 631.14 528.15 211.93 0.00 
0.00 0.00 24.13 39.61 50.87 63.92 78.91 88.30 108.17 121.40 136.86 154.23 173.83 195.85 220.31 247.03 275.70 305.86 336.96 368.42 399.70 430.37 460.08 488.62 515.85 541.73 566.24 589.41 611.30 631.98 651.50 669.94 687.38 703.88 719.52 734.34 748.42 761.80 774.54 786.68 798.28 809.36 819.96 830.13 839.89 849.27 858.29 866.99 875.39 883.51 891.36 898.97 906.35 913.51 920.48 927.26 933.86 940.30 946.59 952.72 958.72 964.58 970.31 975.91 981.38 986.74 991.97 997.08 1002.07 1006.93 1011.66 1016.28 1020.77 1025.16 1029.49 1033.61 934.40 938.13 837.70 736.40 634.01 424.09 0.00 
0.00 0.00 25.41 40.50 51.62 64.68 79.82 89.28 109.28 122.83 138.38 155.87 175.50 197.43 221.66 248.06 276.34 306.08 336.76 367.84 398.80 429.23 458.77 487.21 514.41 540.29 564.84 588.09 610.07 630.83 650.45 668.98 686.51 703.10 718.81 733.71 747.85 761.29 774.08 786.27 797.91 809.03 819.67 829.86 839.65 849.05 858.10 866.82 875.24 883.37 891.24 898.86 906.25 913.43 920.41 927.20 933.81 940.26 946.55 952.69 958.69 964.56 970.29 975.89 981.38 986.73 991.97 997.08 1002.07 1006.95 1011.70 1016.33 1020.86 1025.29 1029.62 1033.78 934.56 938.35 837.93 736.62 634.31 424.71 0.00 
0.00 0.00 31.70 40.77 58.18 64.70 80.07 97.61 109.43 123.26 138.84 156.31 175.91 197.77 221.90 248.17 276.30 305.88 336.41 367.36 398.23 428.58 458.09 486.52 513.74 539.65 564.26 587.55 609.59 630.41 650.09 668.68 686.25 702.88 718.63 733.56 747.73 761.19 774.01 786.21 797.86 808.99 819.64 829.84 839.63 849.04 858.09 866.82 875.24 883.37 891.24 898.86 906.26 913.43 920.41 927.20 933.82 940.27 946.56 952.70 958.70 964.57 970.30 975.91 981.39 986.74 991.98 997.10 1002.09 1006.97 1011.72 1016.37 1020.91 1025.36 1029.72 1033.95 1038.08 938.48 838.08 841.43 634.52 530.88 0.00 
0.00 0.00 31.67 43.28 57.75 64.21 79.57 97.03 108.85 122.69 138.24 167.88 188.89 212.84 239.64 269.07 300.79 334.26 368.84 403.85 438.65 472.73 505.71 537.35 567.51 596.15 623.25 648.86 673.04 695.86 717.40 737.73 756.94 775.11 792.31 808.61 824.08 838.78 852.76 866.09 878.80 890.95 902.58 913.72 924.42 934.69 944.59 954.12 963.32 972.22 980.82 989.16 997.25 1005.11 1012.75 1020.19 1027.43 1034.50 1041.40 1048.13 1054.71 1061.15 1067.44 1073.60 1079.62 1085.51 1091.26 1096.88 1102.37 1107.72 1112.93 1117.98 1122.85 1025.38 1029.75 1033.99 1038.10 938.55 942.32 841.44 739.64 530.95 106.51 
0.00 0.00 30.92 42.40 56.66 63.08 78.27 95.62 107.35 121.16 136.71 166.33 187.39 211.40 238.29 267.86 299.75 333.41 368.19 403.40 438.41 472.68 505.83 537.62 567.91 596.65 623.83 649.50 673.72 696.56 718.11 738.44 757.64 775.79 792.96 809.24 824.68 839.34 853.29 866.59 879.27 891.39 902.98 914.09 924.76 935.01 944.88 954.39 963.56 972.44 981.02 989.34 997.41 1005.25 1012.88 1020.30 1027.54 1034.59 1041.48 1048.20 1054.78 1061.21 1067.49 1073.64 1079.66 1085.54 1091.29 1096.91 1102.39 1107.74 1112.94 1117.98 1122.84 1025.36 1029.71 1033.94 1038.02 938.44 942.18 841.26 739.42 530.66 106.45 
0.00 0.00 29.51 38.19 54.99 61.34 76.23 93.45 105.00 118.67 134.22 151.71 171.40 193.44 217.86 244.52 273.15 303.31 334.46 366.05 397.54 428.47 458.50 487.38 514.97 541.19 566.02 589.48 611.63 632.51 652.21 670.79 688.32 704.90 720.57 735.42 749.49 762.86 775.57 787.68 799.23 810.26 820.82 830.93 840.64 849.96 858.94 867.59 875.94 884.01 891.82 899.38 906.72 913.85 920.79 927.54 934.12 940.53 946.79 952.91 958.89 964.73 970.44 976.03 981.50 986.85 992.07 997.18 1002.16 1007.02 1011.76 1016.38 1020.89 1025.30 1029.61 1033.78 1037.83 938.15 837.68 840.90 633.91 530.03 0.00 
0.00 0.00 22.31 36.40 46.84 59.16 73.62 82.89 102.11 115.26 130.64 148.12 167.87 190.08 214.79 241.86 270.99 301.72 333.47 365.65 397.68 429.10 459.53 488.72 516.55 542.93 567.86 591.37 613.52 634.38 654.03 672.54 690.00 706.48 722.06 736.82 750.80 764.08 776.70 788.73 800.20 811.15 821.64 831.68 841.32 850.59 859.51 868.11 876.41 884.43 892.20 899.72 907.03 914.13 921.03 927.75 934.30 940.70 946.94 953.03 958.99 964.82 970.53 976.11 981.57 986.90 992.12 997.22 1002.19 1007.04 1011.76 1016.36 1020.84 1025.20 1029.44 1033.49 934.18 937.80 837.26 735.81 633.37 423.48 0.00 
0.00 0.00 21.04 34.52 44.60 56.59 70.68 79.57 98.51 111.32 126.42 143.64 163.32 185.67 210.71 238.30 268.12 299.65 332.25 365.26 398.06 430.13 461.09 490.70 518.81 545.37 570.40 593.95 616.08 636.87 656.43 674.83 692.17 708.53 723.98 738.60 752.46 765.62 778.13 790.04 801.41 812.26 822.66 832.61 842.17 851.36 860.21 868.75 876.98 884.95 892.66 900.14 907.40 914.46 921.32 928.01 934.53 940.90 947.11 953.19 959.13 964.94 970.63 976.19 981.64 986.97 992.18 997.27 1002.23 1007.06 1011.76 1016.33 1020.75 1025.05 1029.25 1033.22 933.86 937.38 836.77 735.28 632.62 422.77 0.00 
0.00 0.00 10.27 27.52 36.68 47.73 60.76 76.09 86.08 97.82 122.06 138.80 158.32 180.74 206.11 234.27 264.85 297.29 330.87 364.84 398.52 431.36 462.93 493.00 521.44 548.20 573.34 596.90 618.99 639.70 659.14 677.41 694.61 710.82 726.12 740.60 754.31 767.33 779.71 791.50 802.74 813.49 823.78 833.64 843.11 852.21 860.99 869.44 877.62 885.52 893.18 900.60 907.81 914.82 921.65 928.30 934.78 941.11 947.30 953.35 959.27 965.07 970.74 976.29 981.73 987.04 992.24 997.32 1002.27 1007.08 1011.75 1016.27 1020.62 1024.78 926.29 929.92 933.44 833.09 731.96 629.93 526.48 211.21 0.00 
0.00 0.00 0.00 21.34 34.96 45.27 57.68 64.91 82.02 92.99 106.22 121.75 139.32 159.53 182.52 208.16 236.12 265.84 296.64 327.82 358.70 388.76 417.60 445.01 470.85 495.12 517.84 539.09 558.98 577.59 595.03 611.39 626.78 641.28 654.96 667.89 680.14 691.77 702.82 713.35 723.39 732.99 742.17 750.98 759.44 767.58 775.42 782.99 790.29 797.36 804.21 810.86 817.32 823.59 829.71 835.67 841.48 847.16 852.71 858.13 863.45 868.65 873.74 878.73 883.62 888.40 893.07 897.63 902.07 906.39 910.57 914.60 918.51 922.38 926.08 929.55 829.69 832.58 731.33 629.04 420.51 0.00 0.00 
0.00 0.00 0.00 5.41 22.40 37.07 48.14 54.10 69.72 79.18 90.85 116.78 133.68 153.79 177.09 203.37 232.24 263.08 295.09 327.46 359.44 390.42 419.99 447.92 474.11 498.56 521.35 542.58 562.38 580.85 598.13 614.32 629.53 643.84 657.33 670.09 682.17 693.64 704.54 714.92 724.83 734.31 743.38 752.09 760.45 768.49 776.25 783.73 790.97 797.97 804.76 811.35 817.75 823.98 830.05 835.96 841.74 847.39 852.90 858.31 863.60 868.78 873.86 878.83 883.71 888.48 893.14 897.70 902.13 906.43 910.57 914.53 918.26 819.81 823.09 826.11 725.79 728.21 626.36 418.81 104.98 0.00 0.00 
0.00 0.00 0.00 0.00 11.38 23.70 39.41 43.87 57.84 65.55 85.98 98.72 113.77 131.70 152.67 176.56 203.01 231.38 260.89 290.72 320.09 348.43 375.33 400.58 424.13 446.01 466.31 485.14 502.65 518.95 534.17 548.41 561.77 574.34 586.19 597.38 607.99 618.05 627.62 636.74 645.44 653.77 661.74 669.39 676.75 683.83 690.65 697.24 703.62 709.79 715.77 721.58 727.23 732.73 738.09 743.32 748.42 753.41 758.29 763.08 767.76 772.35 776.85 781.27 785.59 789.83 793.98 798.02 801.97 805.79 809.47 812.99 816.35 819.57 720.13 722.66 621.83 623.65 417.14 209.10 0.00 0.00 0.00 
0.00 0.00 0.00 0.00 0.00 0.00 26.07 35.02 46.93 52.72 60.37 81.99 94.48 110.00 128.55 149.99 173.97 199.86 226.86 254.13 280.87 306.50 330.66 353.17 374.01 393.25 411.00 427.41 442.60 456.72 469.87 482.17 493.69 504.53 514.74 524.39 533.53 542.21 550.47 558.33 565.85 573.04 579.93 586.54 592.90 599.03 604.94 610.65 616.17 621.52 626.71 631.75 636.65 641.42 646.08 650.62 655.06 659.40 663.65 667.82 671.90 675.90 679.83 683.68 687.46 691.17 694.80 698.35 701.80 705.16 708.38 711.44 714.27 614.88 617.21 619.17 517.68 415.30 104.14 0.00 0.00 0.00 0.00 
0.00 0.00 0.00 0.00 0.00 0.00 0.00 14.59 31.44 33.66 48.11 54.70 63.54 74.61 88.00 103.67 121.40 140.69 160.89 181.28 201.18 220.13 237.84 254.20 269.23 283.00 295.65 307.29 318.04 328.00 337.27 345.93 354.05 361.67 368.86 375.66 382.10 388.21 394.03 399.58 404.88 409.95 414.82 419.49 423.99 428.32 432.50 436.54 440.44 444.23 447.91 451.48 454.96 458.35 461.65 464.87 468.03 471.11 474.14 477.10 480.00 482.85 485.65 488.40 491.10 493.75 496.35 498.89 501.37 503.79 506.13 508.36 510.44 512.27 411.38 412.42 206.78 0.00 0.00 0.00 0.00 0.00 0.00 
0.00 0.00 0.00 0.00 0.00 0.00 0.00 0.00 0.00 0.00 0.00 10.57 12.35 14.56 17.23 20.39 23.98 27.92 32.05 36.21 40.27 44.12 47.70 51.00 54.01 56.76 59.28 61.60 63.73 65.72 67.56 69.28 70.90 72.41 73.84 75.20 76.48 77.70 78.86 79.96 81.02 82.03 83.00 83.94 84.83 85.70 86.53 87.34 88.12 88.87 89.61 90.32 91.01 91.69 92.35 92.99 93.62 94.24 94.85 95.44 96.02 96.59 97.15 97.70 98.24 98.77 99.29 99.80 100.30 100.79 101.27 101.72 102.16 0.00 0.00 0.00 0.00 0.00 0.00 0.00 0.00 0.00 0.00 
