0.00 0.00 0.00 0.00 0.00 0.00 0.00 0.00 0.00 0.00 0.00 0.00 0.00 0.00 0.00 0.00 0.00 0.00 0.00 0.00 0.00 0.00 0.00 0.00 0.00 0.00 0.00 0.00 0.00 0.00 0.00 0.00 0.00 0.00 0.00 0.00 0.00 0.00 0.00 0.00 0.00 0.00 0.00 0.00 0.00 0.00 0.00 0.00 0.00 0.00 0.00 0.00 0.00 0.00 0.00 0.00 0.00 0.00 0.00 0.00 0.00 0.00 0.00 0.00 0.00 0.00 0.00 0.00 0.00 0.00 0.00 0.00 0.00 0.00 0.00 0.00 0.00 0.00 0.00 0.00 0.00 0.00 0.00 
0.00 0.00 0.00 0.00 0.00 0.00 0.00 0.00 0.00 0.00 0.00 51.44 50.71 49.67 48.49 47.24 45.96 44.68 43.40 42.13 40.88 39.65 38.44 37.26 36.11 34.99 33.90 32.84 31.82 30.83 29.87 28.95 28.07 27.22 26.41 25.64 24.90 24.19 23.52 22.88 22.28 21.71 21.17 20.66 20.18 19.73 19.31 18.92 18.55 18.21 17.89 17.60 17.32 17.07 16.84 16.63 16.44 16.26 16.10 15.96 15.83 15.72 15.62 15.53 15.46 15.40 15.34 15.30 15.27 15.24 15.23 15.22 15.21 0.00 0.00 0.00 0.00 0.00 0.00 0.00 0.00 0.00 0.00 
0.00 0.00 0.00 0.00 0.00 0.00 0.00 112.91 222.19 217.86 266.29 260.54 254.68 248.63 242.42 236.12 229.78 223.44 217.13 210.88 204.71 198.63 192.66 186.82 181.11 175.55 170.14 164.88 159.79 154.86 150.11 145.52 141.12 136.89 132.83 128.95 125.25 121.72 118.36 115.16 112.14 109.27 106.56 104.01 101.60 99.34 97.22 95.23 93.38 91.65 90.04 88.54 87.16 85.88 84.71 83.63 82.65 81.75 80.94 80.21 79.56 78.98 78.46 78.01 77.63 77.30 77.02 76.80 76.62 76.48 76.38 76.31 76.26 76.24 61.00 61.00 30.53 0.00 0.00 0.00 0.00 0.00 0.00 
0.00 0.00 0.00 0.00 0.00 0.00 229.32 282.75 333.38 326.82 319.65 364.53 356.54 348.13 339.47 330.67 321.80 312.93 304.10 295.35 286.71 278.21 269.86 261.68 253.69 245.91 238.33 230.97 223.84 216.95 210.29 203.87 197.70 191.78 186.10 180.67 175.48 170.54 165.83 161.36 157.12 153.11 149.31 145.73 142.36 139.19 136.22 133.44 130.84 128.41 126.15 124.06 122.12 120.33 118.68 117.17 115.79 114.54 113.40 112.37 111.45 110.64 109.91 109.28 108.74 108.28 107.89 107.57 107.32 107.12 106.98 106.88 106.82 91.60 91.60 91.62 76.43 61.23 15.35 0.00 0.00 0.00 0.00 
0.00 0.00 0.00 0.00 119.09 233.19 345.03 339.04 388.21 380.57 425.73 416.54 407.20 397.59 387.76 377.77 367.72 357.65 347.62 337.67 327.85 318.17 308.66 299.35 290.25 281.37 272.73 264.33 256.20 248.33 240.73 233.41 226.36 219.60 213.11 206.90 200.97 195.32 189.94 184.82 179.97 175.37 171.03 166.93 163.07 159.44 156.03 152.84 149.86 147.08 144.49 142.09 139.86 137.81 135.91 134.18 132.59 131.14 129.83 128.65 127.59 126.65 125.82 125.09 124.46 123.92 123.47 123.10 122.80 122.57 122.40 122.28 122.22 122.19 107.00 107.03 91.86 91.95 61.46 30.80 0.00 0.00 0.00 
0.00 0.00 0.00 0.00 235.27 349.52 401.98 394.80 442.87 434.20 424.97 467.83 457.66 446.99 436.03 424.88 413.63 402.37 391.15 380.02 369.01 358.16 347.50 337.05 326.83 316.86 307.16 297.73 288.59 279.75 271.21 262.98 255.05 247.44 240.15 233.17 226.49 220.13 214.07 208.31 202.85 197.67 192.78 188.16 183.81 179.72 175.88 172.28 168.91 165.77 162.85 160.14 157.62 155.30 153.16 151.20 149.41 147.77 146.29 144.95 143.75 142.68 141.74 140.91 140.19 139.58 139.06 138.63 138.29 138.03 137.83 137.70 137.62 122.40 122.41 122.45 107.30 107.42 92.26 61.68 15.46 0.00 0.00 
0.00 0.00 0.00 236.54 352.52 406.43 457.98 450.08 497.38 487.87 477.75 467.34 456.96 446.35 435.51 424.50 413.41 402.28 391.18 380.15 369.24 358.47 347.88 337.49 327.32 317.40 307.74 298.34 289.23 280.41 271.89 263.67 255.76 248.16 240.87 233.89 227.22 220.85 214.78 209.02 203.54 198.36 193.45 188.82 184.45 180.35 176.49 172.87 169.49 166.33 163.40 160.66 158.13 155.79 153.64 151.66 149.85 148.20 146.70 145.34 144.13 143.04 142.08 141.24 140.51 139.88 139.35 138.91 138.55 138.27 138.06 137.92 137.83 137.80 137.81 137.87 122.73 122.87 107.74 92.58 61.91 0.00 0.00 
0.00 0.00 118.38 293.22 349.02 403.08 455.05 504.66 495.77 486.41 530.05 519.14 507.72 495.95 483.92 471.71 459.40 447.06 434.75 422.51 410.40 398.45 386.69 375.15 363.87 352.85 342.11 331.68 321.55 311.76 302.29 293.16 284.36 275.92 267.81 260.06 252.64 245.56 238.82 232.41 226.33 220.56 215.11 209.96 205.10 200.53 196.24 192.22 188.46 184.95 181.68 178.64 175.82 173.22 170.82 168.62 166.60 164.76 163.09 161.59 160.23 159.02 157.95 157.01 156.20 155.49 154.90 154.41 154.01 153.70 153.47 153.31 153.21 153.17 137.98 138.03 138.13 123.01 107.88 92.71 77.47 31.09 0.00 
0.00 0.00 231.67 347.65 403.89 458.20 510.06 502.44 549.73 540.00 529.37 518.43 507.11 495.47 483.56 471.47 459.28 447.03 434.81 422.65 410.60 398.70 386.99 375.50 364.24 353.25 342.54 332.13 322.02 312.24 302.78 293.66 284.87 276.43 268.33 260.57 253.15 246.07 239.33 232.91 226.82 221.04 215.58 210.42 205.55 200.98 196.67 192.64 188.87 185.34 182.06 179.01 176.18 173.57 171.16 168.94 166.91 165.06 163.38 161.86 160.50 159.28 158.20 157.25 156.42 155.71 155.11 154.61 154.20 153.88 153.64 153.47 153.36 153.31 153.32 153.38 138.26 138.42 123.33 108.20 93.02 62.20 0.00 
0.00 0.00 226.83 341.93 399.14 454.42 507.10 500.25 548.17 538.81 528.59 517.84 506.67 495.15 483.35 471.35 459.23 447.06 434.89 422.78 410.77 398.91 387.23 375.76 364.52 353.55 342.85 332.45 322.35 312.57 303.12 294.00 285.22 276.78 268.68 260.92 253.50 246.41 239.66 233.24 227.15 221.37 215.90 210.73 205.86 201.27 196.96 192.92 189.14 185.61 182.32 179.26 176.42 173.80 171.38 169.16 167.12 165.26 163.57 162.05 160.67 159.45 158.36 157.40 156.57 155.85 155.24 154.74 154.33 154.00 153.75 153.58 153.47 153.42 153.42 153.47 138.35 138.50 123.41 108.27 93.09 62.28 0.00 
0.00 0.00 277.22 336.08 453.67 451.13 504.55 555.26 547.20 538.05 528.10 517.52 506.48 495.05 483.32 471.38 459.30 447.15 435.00 422.90 410.90 399.04 387.37 375.90 364.67 353.69 342.99 332.59 322.49 312.71 303.26 294.14 285.35 276.91 268.80 261.04 253.62 246.53 239.78 233.36 227.26 221.47 216.00 210.83 205.96 201.37 197.05 193.01 189.23 185.69 182.40 179.34 176.50 173.87 171.45 169.22 167.19 165.33 163.64 162.11 160.73 159.50 158.41 157.46 156.62 155.90 155.29 154.78 154.37 154.04 153.80 153.62 153.52 153.47 153.47 153.53 153.64 138.55 123.45 123.69 93.14 77.85 0.00 
0.00 0.00 272.34 359.68 449.78 448.50 502.76 554.16 546.62 537.76 527.99 570.06 558.07 545.47 532.45 519.17 505.73 492.21 478.71 465.28 451.97 438.82 425.89 413.19 400.76 388.63 376.81 365.32 354.17 343.37 332.95 322.89 313.20 303.90 294.98 286.43 278.26 270.47 263.04 255.98 249.28 242.93 236.92 231.24 225.89 220.86 216.13 211.70 207.56 203.69 200.08 196.73 193.63 190.76 188.11 185.68 183.46 181.43 179.58 177.92 176.42 175.09 173.91 172.87 171.97 171.19 170.54 169.99 169.56 169.21 168.96 168.79 168.69 153.47 153.47 153.53 153.65 138.57 138.78 123.69 108.56 77.86 15.62 
0.00 0.00 267.85 355.94 447.34 447.00 502.03 553.95 546.73 538.04 528.36 570.44 558.45 545.84 532.80 519.48 505.99 492.44 478.89 465.41 452.06 438.88 425.90 413.17 400.72 388.55 376.71 365.19 354.02 343.21 332.77 322.70 313.00 303.69 294.76 286.21 278.04 270.24 262.81 255.75 249.05 242.70 236.69 231.02 225.68 220.65 215.92 211.50 207.36 203.49 199.89 196.55 193.45 190.59 187.95 185.52 183.30 181.28 179.44 177.78 176.29 174.97 173.79 172.76 171.86 171.09 170.44 169.91 169.47 169.14 168.89 168.72 168.63 153.41 153.42 153.49 153.61 138.53 138.75 123.66 108.52 77.81 15.61 
0.00 0.00 263.47 325.27 446.47 446.89 502.55 554.75 547.64 538.99 529.28 518.79 507.75 496.26 484.42 472.35 460.13 447.84 435.54 423.31 411.18 399.20 387.41 375.84 364.52 353.46 342.69 332.22 322.06 312.23 302.73 293.57 284.76 276.29 268.16 260.38 252.95 245.86 239.10 232.68 226.58 220.80 215.34 210.18 205.31 200.73 196.44 192.41 188.64 185.12 181.84 178.80 175.98 173.37 170.96 168.76 166.73 164.89 163.22 161.71 160.35 159.14 158.07 157.12 156.31 155.60 155.01 154.52 154.12 153.82 153.59 153.43 153.34 153.31 153.32 153.40 153.53 138.44 123.35 123.57 93.02 77.72 0.00 
0.00 0.00 204.84 324.43 388.04 448.23 504.43 499.60 549.17 540.60 530.74 520.10 508.88 497.22 485.23 473.00 460.64 448.21 435.80 423.45 411.23 399.16 387.29 375.65 364.26 353.15 342.33 331.82 321.62 311.76 302.24 293.06 284.22 275.74 267.60 259.82 252.38 245.28 238.53 232.11 226.02 220.24 214.79 209.63 204.78 200.21 195.93 191.91 188.16 184.65 181.39 178.36 175.55 172.96 170.57 168.37 166.37 164.54 162.88 161.38 160.04 158.84 157.78 156.85 156.04 155.36 154.78 154.30 153.91 153.62 153.40 153.26 153.18 153.15 153.18 153.27 138.16 138.33 123.23 108.10 92.91 62.10 0.00 
0.00 0.00 201.26 325.33 390.63 451.35 507.52 502.48 551.64 542.79 532.58 521.74 510.31 498.43 486.22 473.80 461.25 448.65 436.08 423.59 411.24 399.06 387.09 375.36 363.90 352.72 341.84 331.27 321.03 311.13 301.58 292.37 283.52 275.01 266.87 259.07 251.63 244.54 237.78 231.37 225.28 219.52 214.07 208.93 204.09 199.54 195.27 191.27 187.53 184.05 180.80 177.79 175.00 172.43 170.05 167.88 165.89 164.08 162.44 160.96 159.63 158.45 157.41 156.50 155.71 155.04 154.47 154.01 153.64 153.36 153.16 153.04 152.97 152.96 153.01 153.11 138.02 138.18 123.10 107.98 92.79 62.00 0.00 
0.00 0.00 98.33 272.22 336.62 397.00 453.38 506.01 498.65 490.08 534.44 523.51 511.88 499.76 487.32 474.67 461.91 449.12 436.37 423.73 411.23 398.93 386.85 375.02 363.47 352.21 341.27 330.65 320.36 310.42 300.83 291.60 282.72 274.20 266.04 258.24 250.79 243.70 236.95 230.54 224.46 218.71 213.27 208.15 203.32 198.79 194.54 190.56 186.84 183.37 180.15 177.16 174.39 171.84 169.49 167.33 165.36 163.57 161.95 160.49 159.18 158.02 157.00 156.10 155.33 154.68 154.14 153.69 153.34 153.08 152.90 152.79 152.74 152.75 137.61 137.71 137.84 122.74 107.62 92.46 77.23 30.98 0.00 
0.00 0.00 0.00 221.10 343.01 402.71 458.25 452.83 501.89 493.08 483.12 472.51 461.77 450.72 439.37 427.84 416.22 404.58 392.99 381.50 370.16 359.00 348.05 337.33 326.88 316.69 306.79 297.20 287.91 278.93 270.27 261.94 253.94 246.26 238.90 231.88 225.17 218.78 212.71 206.94 201.48 196.31 191.42 186.82 182.49 178.42 174.61 171.04 167.70 164.60 161.71 159.03 156.55 154.27 152.16 150.24 148.48 146.88 145.43 144.13 142.97 141.94 141.03 140.24 139.56 138.98 138.50 138.12 137.81 137.59 137.44 137.35 137.31 137.33 137.40 137.50 122.42 122.57 107.46 92.32 61.69 0.00 0.00 
0.00 0.00 0.00 55.94 231.83 349.52 404.76 399.34 448.82 440.53 431.19 474.07 463.39 452.15 440.56 428.77 416.90 405.04 393.25 381.59 370.09 358.79 347.72 336.90 326.36 316.09 306.13 296.47 287.13 278.11 269.42 261.06 253.03 245.34 237.97 230.94 224.23 217.84 211.77 206.01 200.56 195.40 190.53 185.95 181.64 177.59 173.79 170.24 166.93 163.85 160.99 158.33 155.88 153.61 151.54 149.63 147.90 146.32 144.90 143.62 142.47 141.46 140.57 139.80 139.14 138.59 138.13 137.76 137.48 137.28 137.15 137.08 137.06 121.91 121.98 122.08 106.99 107.13 92.00 61.48 15.40 0.00 0.00 
0.00 0.00 0.00 0.00 116.42 235.24 350.05 345.10 395.27 387.76 433.18 423.47 413.50 403.19 392.62 381.90 371.14 360.41 349.77 339.25 328.91 318.76 308.82 299.13 289.68 280.49 271.58 262.95 254.61 246.56 238.81 231.36 224.20 217.35 210.79 204.54 198.57 192.89 187.50 182.39 177.55 172.98 168.66 164.60 160.78 157.20 153.84 150.71 147.78 145.06 142.53 140.19 138.03 136.04 134.21 132.53 131.01 129.62 128.38 127.25 126.26 125.37 124.60 123.93 123.36 122.88 122.49 122.18 121.95 121.78 121.68 121.64 121.64 121.69 106.58 106.68 91.57 91.71 61.29 30.71 0.00 0.00 0.00 
0.00 0.00 0.00 0.00 0.00 0.00 233.79 289.11 340.72 334.38 327.05 371.97 363.26 354.02 344.51 334.89 325.26 315.68 306.20 296.87 287.70 278.71 269.93 261.37 253.04 244.94 237.10 229.50 222.17 215.09 208.29 201.75 195.47 189.46 183.72 178.24 173.02 168.06 163.34 158.88 154.65 150.66 146.90 143.36 140.03 136.91 133.99 131.27 128.73 126.36 124.17 122.14 120.26 118.54 116.96 115.51 114.19 113.00 111.92 110.96 110.10 109.34 108.68 108.11 107.63 107.23 106.90 106.65 106.46 106.33 106.26 106.24 106.26 91.14 91.22 91.32 76.23 61.10 15.31 0.00 0.00 0.00 0.00 
0.00 0.00 0.00 0.00 0.00 0.00 0.00 114.73 226.55 223.69 273.32 267.38 260.76 253.84 246.79 239.71 232.66 225.69 218.81 212.05 205.42 198.93 192.61 186.44 180.45 174.63 168.99 163.54 158.28 153.21 148.34 143.65 139.16 134.86 130.76 126.84 123.11 119.57 116.21 113.02 110.01 107.17 104.49 101.97 99.60 97.39 95.31 93.38 91.57 89.90 88.34 86.91 85.58 84.36 83.24 82.22 81.29 80.45 79.69 79.01 78.41 77.88 77.42 77.02 76.68 76.40 76.18 76.01 75.89 75.81 75.77 75.77 75.81 75.87 60.79 60.86 30.47 0.00 0.00 0.00 0.00 0.00 0.00 
0.00 0.00 0.00 0.00 0.00 0.00 0.00 0.00 0.00 0.00 0.00 53.66 52.26 50.83 49.40 47.96 46.54 45.13 43.75 42.39 41.07 39.77 38.50 37.26 36.06 34.90 33.77 32.68 31.63 30.61 29.64 28.70 27.80 26.95 26.12 25.34 24.60 23.89 23.22 22.58 21.98 21.41 20.88 20.37 19.90 19.46 19.05 18.66 18.30 17.96 17.65 17.37 17.10 16.86 16.64 16.43 16.25 16.08 15.93 15.79 15.67 15.57 15.48 15.40 15.33 15.28 15.23 15.20 15.17 15.16 15.15 15.15 15.16 0.00 0.00 0.00 0.00 0.00 0.00 0.00 0.00 0.00 0.00 
