0.00 0.00 0.00 0.00 0.00 0.00 0.00 0.00 0.00 0.00 0.00 0.00 0.00 0.00 0.00 0.00 0.00 0.00 0.00 0.00 0.00 0.00 0.00 0.00 0.00 0.00 0.00 0.00 0.00 0.00 0.00 0.00 0.00 0.00 0.00 0.00 0.00 0.00 0.00 0.00 0.00 0.00 0.00 0.00 0.00 0.00 0.00 0.00 0.00 0.00 0.00 0.00 0.00 0.00 0.00 0.00 0.00 0.00 0.00 0.00 0.00 0.00 0.00 0.00 0.00 0.00 0.00 0.00 0.00 0.00 0.00 0.00 0.00 0.00 0.00 0.00 0.00 0.00 0.00 0.00 0.00 0.00 0.00 
0.00 0.00 0.00 0.00 0.00 0.00 0.00 0.00 0.00 0.00 0.00 88.59 88.41 88.16 87.87 87.55 87.22 86.88 86.53 86.17 85.80 85.43 85.05 84.66 84.27 83.86 83.45 83.04 82.61 82.17 81.73 81.27 80.80 80.31 79.81 79.30 78.76 78.21 77.64 77.05 76.43 75.78 75.11 74.41 73.67 72.90 72.09 71.24 70.34 69.39 68.39 67.33 66.21 65.02 63.76 62.42 60.98 59.46 57.82 56.06 54.18 52.14 49.94 47.55 44.95 42.13 39.09 35.84 32.44 29.01 25.74 22.89 20.94 0.00 0.00 0.00 0.00 0.00 0.00 0.00 0.00 0.00 0.00 
0.00 0.00 0.00 0.00 0.00 0.00 0.00 179.45 358.10 357.28 445.22 443.89 442.51 441.04 439.49 437.88 436.21 434.50 432.74 430.93 429.10 427.22 425.31 423.37 421.38 419.36 417.30 415.19 413.03 410.83 408.57 406.25 403.87 401.42 398.89 396.28 393.58 390.79 387.89 384.87 381.73 378.46 375.04 371.47 367.72 363.79 359.66 355.31 350.72 345.88 340.77 335.35 329.61 323.52 317.04 310.14 302.79 294.93 286.52 277.52 267.85 257.45 246.26 234.21 221.24 207.34 192.52 176.91 160.72 144.30 128.09 112.56 98.00 84.29 56.35 48.40 21.27 0.00 0.00 0.00 0.00 0.00 0.00 
0.00 0.00 0.00 0.00 0.00 0.00 360.04 449.08 537.48 536.09 534.48 621.48 619.57 617.51 615.34 613.08 610.74 608.33 605.86 603.34 600.76 598.13 595.46 592.73 589.95 587.11 584.22 581.27 578.25 575.16 572.00 568.75 565.41 561.97 558.43 554.78 551.00 547.08 543.01 538.79 534.39 529.80 525.01 520.00 514.75 509.24 503.44 497.35 490.92 484.13 476.95 469.36 461.30 452.75 443.65 433.96 423.62 412.58 400.76 388.09 374.49 359.86 344.12 327.17 308.96 289.45 268.71 246.91 224.37 201.59 179.20 157.91 138.45 102.12 86.73 74.02 52.38 36.37 8.31 0.00 0.00 0.00 0.00 
0.00 0.00 0.00 0.00 181.22 361.46 540.65 539.31 627.36 625.63 712.70 710.50 708.23 705.84 703.34 700.74 698.06 695.30 692.48 689.59 686.64 683.63 680.57 677.44 674.26 671.01 667.70 664.32 660.86 657.31 653.68 649.96 646.13 642.19 638.13 633.93 629.59 625.09 620.43 615.58 610.52 605.26 599.75 593.99 587.95 581.62 574.95 567.94 560.54 552.73 544.46 535.71 526.43 516.57 506.09 494.92 483.00 470.27 456.64 442.05 426.39 409.57 391.50 372.11 351.33 329.16 305.68 281.12 255.82 230.33 205.28 181.32 158.92 138.07 103.87 88.89 64.85 55.66 31.79 14.86 0.00 0.00 0.00 
0.00 0.00 0.00 0.00 362.58 542.57 631.29 629.60 717.32 715.26 713.03 799.44 796.90 794.19 791.37 788.43 785.40 782.29 779.11 775.85 772.53 769.14 765.69 762.17 758.58 754.92 751.18 747.36 743.46 739.47 735.37 731.17 726.85 722.41 717.82 713.08 708.18 703.11 697.84 692.36 686.65 680.70 674.48 667.97 661.14 653.97 646.44 638.50 630.13 621.29 611.93 602.02 591.51 580.33 568.45 555.79 542.28 527.84 512.41 495.87 478.15 459.14 438.76 416.92 393.58 368.76 342.57 315.25 287.21 259.02 231.37 205.04 180.85 140.33 120.84 103.88 77.85 66.60 49.10 28.55 6.76 0.00 0.00 
0.00 0.00 0.00 364.12 544.61 633.55 721.91 719.91 807.33 804.96 802.43 799.79 797.13 794.37 791.51 788.56 785.52 782.41 779.21 775.95 772.62 769.22 765.76 762.23 758.63 754.95 751.20 747.37 743.45 739.44 735.32 731.10 726.75 722.28 717.66 712.89 707.96 702.84 697.53 692.01 686.26 680.25 673.98 667.41 660.51 653.28 645.66 637.64 629.17 620.22 610.76 600.72 590.07 578.75 566.71 553.88 540.19 525.58 509.96 493.26 475.38 456.26 435.82 414.02 390.83 366.30 340.57 313.88 286.60 259.23 232.35 206.51 182.06 158.69 137.28 118.58 90.80 77.96 58.66 43.43 26.23 0.00 0.00 
0.00 0.00 182.87 455.58 545.10 634.01 722.35 810.15 807.75 805.28 891.73 888.89 885.90 882.80 879.60 876.29 872.90 869.42 865.86 862.23 858.52 854.74 850.89 846.96 842.95 838.87 834.70 830.43 826.07 821.61 817.03 812.34 807.50 802.53 797.40 792.09 786.61 780.92 775.01 768.87 762.47 755.79 748.81 741.50 733.83 725.77 717.30 708.37 698.94 688.97 678.43 667.24 655.37 642.76 629.33 615.02 599.76 583.46 566.04 547.41 527.49 506.18 483.43 459.17 433.40 406.18 377.65 348.07 317.87 287.57 257.80 229.17 202.23 177.53 139.73 120.63 103.80 79.87 60.11 44.21 32.29 12.34 0.00 
0.00 0.00 365.91 547.18 636.42 725.01 812.99 810.60 897.70 894.99 892.11 889.16 886.12 882.99 879.75 876.43 873.02 869.53 865.96 862.32 858.60 854.81 850.95 847.01 843.00 838.90 834.72 830.45 826.08 821.60 817.01 812.30 807.45 802.45 797.30 791.98 786.47 780.76 774.83 768.65 762.22 755.51 748.49 741.14 733.43 725.32 716.79 707.80 698.30 688.27 677.64 666.37 654.40 641.67 628.13 613.70 598.30 581.87 564.31 545.56 525.52 504.13 481.33 457.09 431.42 404.38 376.15 346.98 317.27 287.52 258.28 230.08 203.36 178.37 155.17 134.82 105.39 90.73 69.56 52.40 39.05 24.36 0.00 
0.00 0.00 365.79 547.43 636.79 725.45 813.42 810.99 898.07 895.31 892.41 889.41 886.33 883.16 879.90 876.55 873.13 869.63 866.05 862.40 858.67 854.88 851.01 847.06 843.04 838.94 834.75 830.47 826.09 821.61 817.01 812.28 807.42 802.42 797.26 791.92 786.40 780.67 774.73 768.54 762.09 755.35 748.31 740.94 733.19 725.06 716.49 707.46 697.93 687.84 677.16 665.82 653.79 640.99 627.36 612.84 597.35 580.81 563.16 544.30 524.18 502.72 479.87 455.62 429.99 403.07 375.01 346.09 316.70 287.30 258.44 230.58 204.13 179.30 156.31 135.95 106.66 91.77 70.49 53.15 39.44 23.69 0.00 
0.00 0.00 457.64 547.83 728.08 725.95 813.85 901.22 898.47 895.63 892.67 889.63 886.51 883.31 880.02 876.66 873.22 869.70 866.12 862.46 858.72 854.92 851.05 847.10 843.08 838.97 834.78 830.50 826.12 821.63 817.03 812.30 807.44 802.44 797.27 791.94 786.42 780.69 774.74 768.55 762.10 755.36 748.32 740.94 733.19 725.05 716.48 707.43 697.88 687.78 677.08 665.72 653.66 640.83 627.16 612.59 597.05 580.46 562.75 543.83 523.64 502.12 479.23 454.95 429.30 402.39 374.37 345.53 316.24 286.99 258.29 230.63 204.36 179.68 156.77 136.12 117.99 92.30 70.98 61.19 39.61 29.57 0.00 
0.00 0.00 457.96 594.09 728.58 726.40 814.25 901.58 898.80 895.90 892.90 978.63 975.23 971.71 968.08 964.37 960.56 956.68 952.72 948.69 944.58 940.40 936.14 931.80 927.39 922.88 918.29 913.59 908.80 903.88 898.85 893.68 888.37 882.90 877.25 871.43 865.40 859.14 852.65 845.90 838.86 831.52 823.84 815.79 807.35 798.48 789.14 779.30 768.90 757.89 746.24 733.87 720.73 706.74 691.85 675.96 659.00 640.88 621.51 600.80 578.66 555.01 529.78 502.92 474.45 444.41 413.00 380.53 347.45 314.39 282.09 251.29 222.68 179.43 156.58 135.91 117.92 92.18 79.52 61.24 46.57 29.43 5.68 
0.00 0.00 458.50 594.63 729.10 726.83 814.64 901.92 899.08 896.14 893.09 978.79 975.36 971.82 968.17 964.44 960.62 956.72 952.76 948.71 944.60 940.42 936.16 931.82 927.41 922.90 918.31 913.63 908.84 903.93 898.91 893.75 888.45 883.00 877.37 871.56 865.55 859.32 852.85 846.12 839.11 831.79 824.14 816.12 807.71 798.88 789.57 779.76 769.39 758.43 746.81 734.48 721.37 707.42 692.55 676.68 659.74 641.62 622.24 601.51 579.33 555.62 530.30 503.34 474.73 444.54 412.96 380.30 347.04 313.81 281.36 250.45 221.78 178.51 155.67 135.14 117.29 91.66 79.13 60.97 46.44 29.50 5.67 
0.00 0.00 459.25 549.42 729.62 727.24 814.99 902.21 899.31 896.32 893.25 890.10 886.89 883.62 880.27 876.86 873.37 869.82 866.21 862.53 858.78 854.97 851.09 847.15 843.13 839.03 834.86 830.59 826.23 821.77 817.20 812.51 807.69 802.73 797.61 792.33 786.86 781.19 775.31 769.19 762.81 756.15 749.19 741.90 734.25 726.20 717.73 708.79 699.35 689.36 678.76 667.52 655.56 642.82 629.24 614.74 599.24 582.67 564.93 545.96 525.65 503.96 480.82 456.22 430.19 402.81 374.27 344.86 315.01 285.22 256.06 228.06 201.59 176.89 154.08 133.84 116.13 90.79 69.81 60.42 39.22 29.84 0.00 
0.00 0.00 368.20 550.04 639.15 727.56 815.29 812.54 899.43 896.45 893.35 890.19 886.96 883.67 880.30 876.87 873.38 869.82 866.19 862.51 858.76 854.95 851.07 847.13 843.12 839.04 834.87 830.62 826.28 821.84 817.30 812.63 807.84 802.90 797.82 792.57 787.14 781.51 775.67 769.60 763.27 756.67 749.77 742.54 734.95 726.98 718.59 709.73 700.37 690.47 679.97 668.82 656.96 644.33 630.85 616.44 601.04 584.54 566.86 547.91 527.61 505.86 482.61 457.84 431.55 403.83 374.87 344.98 314.60 284.26 254.59 226.13 199.34 174.49 151.96 132.26 103.60 89.43 68.75 52.00 38.79 24.28 0.00 
0.00 0.00 368.86 550.60 639.58 727.84 815.49 812.70 899.53 896.52 893.38 890.21 886.98 883.67 880.30 876.86 873.35 869.78 866.15 862.46 858.71 854.91 851.04 847.10 843.10 839.03 834.89 830.66 826.34 821.92 817.40 812.77 808.01 803.11 798.07 792.86 787.48 781.90 776.12 770.10 763.84 757.31 750.48 743.33 735.83 727.95 719.65 710.90 701.66 691.87 681.50 670.48 658.76 646.26 632.92 618.66 603.38 587.01 569.43 550.55 530.27 508.49 485.13 460.14 433.53 405.38 375.85 345.29 314.15 283.05 252.67 223.67 196.60 171.80 149.26 129.86 101.41 87.72 67.44 51.11 38.87 24.86 0.00 
0.00 0.00 184.63 459.22 548.59 637.21 725.22 812.70 809.89 807.05 893.28 890.17 886.95 883.65 880.28 876.83 873.31 869.73 866.10 862.41 858.66 854.85 850.99 847.07 843.08 839.02 834.89 830.69 826.39 822.01 817.52 812.92 808.19 803.34 798.34 793.18 787.85 782.33 776.60 770.65 764.46 758.00 751.26 744.19 736.79 729.01 720.82 712.19 703.07 693.42 683.19 672.32 660.75 648.42 635.25 621.15 606.03 589.80 572.35 553.56 533.32 511.51 488.04 462.83 435.85 407.18 377.00 345.64 313.63 281.65 250.50 220.93 193.63 169.13 132.35 114.48 98.91 76.14 57.55 42.77 32.91 12.51 0.00 
0.00 0.00 0.00 367.42 548.50 637.15 725.17 722.65 809.77 807.01 804.13 801.19 798.27 795.30 792.25 789.14 785.97 782.74 779.47 776.14 772.76 769.34 765.87 762.34 758.76 755.12 751.42 747.65 743.80 739.87 735.85 731.73 727.51 723.17 718.70 714.09 709.32 704.39 699.28 693.97 688.45 682.69 676.67 670.38 663.78 656.85 649.55 641.87 633.74 625.15 616.03 606.35 596.04 585.05 573.30 560.71 547.20 532.68 517.03 500.16 481.94 462.26 441.01 418.12 393.57 367.39 339.77 311.03 281.68 252.40 223.93 197.00 172.06 148.84 128.51 111.38 85.15 73.98 56.23 43.02 27.10 0.00 0.00 
0.00 0.00 0.00 91.74 365.73 546.10 634.54 632.35 719.82 717.36 714.78 800.99 798.18 795.23 792.19 789.08 785.90 782.67 779.39 776.06 772.68 769.27 765.80 762.29 758.72 755.10 751.42 747.67 743.85 739.95 735.96 731.88 727.70 723.40 718.97 714.42 709.71 704.84 699.80 694.56 689.11 683.43 677.50 671.30 664.81 657.99 650.81 643.25 635.27 626.83 617.88 608.37 598.24 587.44 575.89 563.51 550.20 535.88 520.41 503.69 485.56 465.90 444.56 421.44 396.47 369.69 341.25 311.51 281.05 250.65 221.24 193.78 169.16 129.32 111.00 96.01 71.91 62.75 47.45 29.43 6.97 0.00 0.00 
0.00 0.00 0.00 0.00 182.63 364.12 543.65 541.88 629.76 627.67 714.57 712.07 709.51 706.88 704.16 701.38 698.54 695.66 692.73 689.77 686.77 683.73 680.66 677.54 674.39 671.18 667.92 664.61 661.24 657.79 654.28 650.68 646.99 643.20 639.31 635.30 631.16 626.88 622.45 617.85 613.06 608.08 602.88 597.45 591.75 585.78 579.50 572.88 565.90 558.52 550.69 542.37 533.52 524.08 513.97 503.14 491.48 478.92 465.33 450.59 434.58 417.13 398.11 377.37 354.84 330.50 304.50 277.15 249.03 220.94 193.82 168.60 145.91 125.70 93.50 80.97 59.38 53.31 32.41 15.24 0.00 0.00 0.00 
0.00 0.00 0.00 0.00 0.00 0.00 362.04 451.25 539.63 537.96 536.09 622.99 620.82 618.52 616.13 613.67 611.18 608.64 606.08 603.48 600.86 598.21 595.52 592.80 590.05 587.26 584.43 581.54 578.61 575.62 572.57 569.45 566.25 562.97 559.60 556.13 552.55 548.85 545.02 541.05 536.92 532.62 528.14 523.45 518.55 513.41 508.01 502.32 496.32 489.97 483.25 476.11 468.51 460.41 451.74 442.43 432.42 421.61 409.90 397.18 383.30 368.11 351.45 333.18 313.15 291.32 267.79 242.84 217.05 191.24 166.43 143.72 124.12 89.70 76.61 67.51 50.06 36.76 8.43 0.00 0.00 0.00 0.00 
0.00 0.00 0.00 0.00 0.00 0.00 0.00 180.23 359.50 358.61 446.64 445.17 443.55 441.86 440.12 438.34 436.54 434.72 432.88 431.02 429.15 427.25 425.34 423.41 421.45 419.46 417.45 415.40 413.32 411.20 409.03 406.82 404.56 402.24 399.85 397.40 394.87 392.25 389.55 386.74 383.83 380.80 377.64 374.34 370.89 367.27 363.47 359.47 355.26 350.80 346.08 341.08 335.75 330.07 323.99 317.47 310.45 302.87 294.65 285.69 275.89 265.13 253.25 240.13 225.61 209.63 192.21 173.56 154.14 134.63 115.92 98.91 84.50 73.50 50.89 46.56 21.00 0.00 0.00 0.00 0.00 0.00 0.00 
0.00 0.00 0.00 0.00 0.00 0.00 0.00 0.00 0.00 0.00 0.00 89.09 88.75 88.40 88.05 87.69 87.33 86.96 86.59 86.22 85.84 85.47 85.08 84.69 84.30 83.91 83.50 83.09 82.68 82.26 81.82 81.38 80.93 80.47 79.99 79.50 79.00 78.47 77.93 77.37 76.79 76.19 75.56 74.90 74.21 73.49 72.74 71.94 71.10 70.21 69.27 68.28 67.22 66.09 64.88 63.59 62.19 60.69 59.06 57.28 55.33 53.19 50.82 48.20 45.28 42.05 38.50 34.69 30.69 26.66 22.79 19.26 16.23 0.00 0.00 0.00 0.00 0.00 0.00 0.00 0.00 0.00 0.00 
