0.00 0.00 0.00 0.00 0.00 0.00 0.00 0.00 0.00 0.00 0.00 0.00 0.00 0.00 0.00 0.00 0.00 0.00 0.00 0.00 0.00 0.00 0.00 0.00 0.00 0.00 0.00 0.00 0.00 0.00 0.00 0.00 0.00 0.00 0.00 0.00 0.00 0.00 0.00 0.00 0.00 0.00 0.00 0.00 0.00 0.00 0.00 0.00 0.00 0.00 0.00 0.00 0.00 0.00 0.00 0.00 0.00 0.00 0.00 0.00 0.00 0.00 0.00 0.00 0.00 0.00 0.00 0.00 0.00 0.00 0.00 0.00 0.00 0.00 0.00 0.00 0.00 0.00 0.00 0.00 0.00 0.00 0.00 
0.00 0.00 0.00 0.00 0.00 0.00 0.00 0.00 0.00 0.00 0.00 47.86 47.81 47.74 47.67 47.60 47.52 47.45 47.38 47.32 47.26 47.21 47.16 47.11 47.07 47.03 47.00 46.97 46.95 46.93 46.92 46.90 46.90 46.89 46.88 46.88 46.88 46.88 46.88 46.88 46.87 46.86 46.85 46.84 46.81 46.79 46.75 46.70 46.64 46.57 46.48 46.37 46.24 46.10 45.92 45.72 45.49 45.23 44.93 44.58 44.19 43.75 43.25 42.68 42.05 41.34 40.54 39.65 38.65 37.55 36.37 35.19 34.23 0.00 0.00 0.00 0.00 0.00 0.00 0.00 0.00 0.00 0.00 
0.00 0.00 0.00 0.00 0.00 0.00 0.00 96.45 192.66 192.49 240.18 239.80 239.42 239.04 238.66 238.28 237.92 237.57 237.23 236.91 236.62 236.34 236.09 235.86 235.65 235.47 235.30 235.16 235.04 234.94 234.85 234.78 234.73 234.68 234.65 234.62 234.60 234.58 234.55 234.52 234.48 234.42 234.34 234.23 234.09 233.92 233.69 233.42 233.08 232.67 232.18 231.60 230.91 230.11 229.18 228.11 226.87 225.46 223.84 222.01 219.92 217.57 214.90 211.90 208.52 204.71 200.43 195.62 190.21 184.15 177.37 169.83 161.47 151.91 111.80 104.26 47.31 0.00 0.00 0.00 0.00 0.00 0.00 
0.00 0.00 0.00 0.00 0.00 0.00 193.38 241.40 289.21 288.84 288.39 335.77 335.25 334.72 334.18 333.66 333.14 332.65 332.18 331.73 331.32 330.93 330.58 330.25 329.96 329.70 329.47 329.27 329.10 328.95 328.83 328.74 328.66 328.60 328.55 328.51 328.48 328.44 328.41 328.36 328.30 328.21 328.10 327.95 327.75 327.50 327.19 326.80 326.32 325.75 325.06 324.24 323.28 322.16 320.85 319.35 317.61 315.63 313.36 310.78 307.85 304.54 300.79 296.56 291.80 286.43 280.39 273.60 265.97 257.40 247.83 237.22 225.66 179.38 166.08 152.81 113.01 79.39 17.30 0.00 0.00 0.00 0.00 
0.00 0.00 0.00 0.00 97.13 193.96 290.34 289.94 337.65 337.17 384.57 383.94 383.32 382.71 382.09 381.49 380.90 380.34 379.80 379.29 378.82 378.37 377.97 377.60 377.26 376.96 376.70 376.47 376.27 376.10 375.95 375.84 375.74 375.67 375.61 375.55 375.51 375.46 375.41 375.35 375.27 375.16 375.02 374.84 374.60 374.30 373.92 373.46 372.89 372.21 371.40 370.45 369.32 368.01 366.48 364.72 362.70 360.38 357.73 354.73 351.31 347.44 343.08 338.14 332.59 326.33 319.29 311.37 302.48 292.50 281.34 268.90 255.05 239.40 191.49 175.39 132.45 117.04 64.79 28.73 0.00 0.00 0.00 
0.00 0.00 0.00 0.00 194.40 291.10 339.02 338.52 386.12 385.53 384.88 432.10 431.41 430.71 430.02 429.34 428.68 428.04 427.44 426.87 426.33 425.83 425.37 424.96 424.58 424.24 423.94 423.67 423.44 423.25 423.09 422.95 422.84 422.75 422.67 422.61 422.55 422.49 422.43 422.35 422.25 422.12 421.95 421.73 421.45 421.10 420.66 420.12 419.47 418.69 417.76 416.66 415.36 413.86 412.11 410.10 407.78 405.13 402.10 398.66 394.75 390.33 385.32 379.68 373.32 366.15 358.09 349.03 338.85 327.46 314.74 300.65 285.26 234.79 216.79 198.18 152.44 134.25 97.56 53.68 11.96 0.00 0.00 
0.00 0.00 0.00 194.99 291.89 339.89 387.68 387.08 434.58 433.89 433.17 432.43 431.71 431.00 430.31 429.63 428.97 428.34 427.73 427.16 426.63 426.13 425.67 425.25 424.87 424.52 424.22 423.95 423.72 423.51 423.34 423.20 423.08 422.98 422.89 422.81 422.74 422.67 422.58 422.49 422.37 422.22 422.02 421.78 421.47 421.09 420.62 420.05 419.36 418.54 417.56 416.41 415.06 413.50 411.68 409.59 407.19 404.45 401.31 397.75 393.72 389.14 383.98 378.15 371.58 364.19 355.88 346.56 336.11 324.42 311.37 296.85 280.68 262.24 242.28 221.43 173.26 152.75 113.07 80.40 45.23 0.00 0.00 
0.00 0.00 97.81 243.95 292.17 340.17 387.98 435.60 434.88 434.16 481.39 480.59 479.79 479.00 478.22 477.46 476.72 476.01 475.34 474.70 474.10 473.55 473.04 472.57 472.14 471.76 471.42 471.12 470.86 470.63 470.44 470.28 470.14 470.03 469.93 469.84 469.76 469.68 469.59 469.48 469.35 469.17 468.96 468.69 468.34 467.92 467.40 466.76 465.99 465.07 463.99 462.70 461.20 459.46 457.44 455.11 452.43 449.36 445.87 441.89 437.38 432.27 426.49 419.96 412.61 404.33 395.02 384.56 372.83 359.70 345.06 328.78 310.85 291.38 239.36 218.13 195.63 150.90 111.57 78.91 54.44 19.45 0.00 
0.00 0.00 195.72 292.95 341.07 388.95 436.61 435.87 483.26 482.47 481.65 480.83 480.02 479.22 478.44 477.67 476.93 476.23 475.55 474.91 474.32 473.76 473.25 472.77 472.35 471.96 471.62 471.31 471.05 470.82 470.62 470.45 470.31 470.19 470.08 469.99 469.90 469.81 469.71 469.59 469.44 469.26 469.03 468.74 468.38 467.94 467.39 466.74 465.95 465.00 463.89 462.58 461.04 459.26 457.19 454.81 452.08 448.95 445.39 441.33 436.73 431.51 425.62 418.96 411.46 403.02 393.53 382.88 370.95 357.61 342.74 326.25 308.07 288.17 266.25 243.55 193.39 170.55 128.16 92.70 65.23 38.05 0.00 
0.00 0.00 195.73 293.11 341.27 389.18 436.84 436.08 483.47 482.67 481.85 481.02 480.20 479.39 478.59 477.83 477.08 476.37 475.70 475.06 474.46 473.90 473.39 472.91 472.48 472.09 471.75 471.44 471.17 470.94 470.74 470.57 470.42 470.30 470.19 470.09 470.00 469.90 469.79 469.66 469.51 469.32 469.09 468.79 468.42 467.97 467.42 466.75 465.95 464.99 463.86 462.53 460.98 459.18 457.09 454.68 451.92 448.75 445.14 441.04 436.38 431.10 425.12 418.38 410.78 402.23 392.62 381.83 369.76 356.26 341.24 324.57 306.20 286.14 264.54 241.91 192.21 169.44 127.45 92.43 64.78 35.96 0.00 
0.00 0.00 244.83 293.30 390.10 389.40 437.03 484.48 483.65 482.82 481.97 481.12 480.29 479.47 478.67 477.89 477.15 476.43 475.75 475.11 474.51 473.95 473.43 472.96 472.53 472.14 471.79 471.48 471.22 470.98 470.78 470.61 470.46 470.34 470.23 470.13 470.04 469.94 469.83 469.71 469.56 469.37 469.13 468.84 468.47 468.02 467.47 466.81 466.01 465.06 463.93 462.60 461.05 459.25 457.16 454.75 451.99 448.82 445.20 441.09 436.41 431.11 425.12 418.34 410.70 402.10 392.44 381.59 369.44 355.87 340.75 323.98 305.46 285.18 263.47 240.48 216.49 168.81 127.00 108.08 64.42 45.06 0.00 
0.00 0.00 244.96 317.93 390.29 389.56 437.17 484.59 483.75 482.89 482.03 529.03 528.11 527.19 526.30 525.43 524.60 523.80 523.05 522.33 521.67 521.05 520.48 519.96 519.48 519.06 518.68 518.35 518.06 517.81 517.60 517.43 517.28 517.16 517.05 516.96 516.88 516.80 516.70 516.59 516.45 516.28 516.05 515.76 515.40 514.95 514.39 513.71 512.89 511.90 510.73 509.34 507.72 505.82 503.61 501.07 498.14 494.78 490.93 486.55 481.56 475.90 469.48 462.22 454.02 444.77 434.35 422.63 409.48 394.75 378.31 360.06 340.00 285.28 263.39 240.30 216.45 168.39 145.91 108.20 77.74 44.80 8.09 
0.00 0.00 245.15 318.11 390.44 389.68 437.25 484.65 483.77 482.90 482.01 529.01 528.07 527.14 526.24 525.36 524.52 523.72 522.96 522.24 521.57 520.95 520.37 519.85 519.38 518.96 518.58 518.25 517.97 517.72 517.52 517.34 517.20 517.09 516.99 516.91 516.83 516.76 516.68 516.58 516.45 516.29 516.08 515.81 515.47 515.04 514.50 513.85 513.05 512.09 510.95 509.59 508.00 506.14 503.98 501.48 498.60 495.28 491.49 487.16 482.23 476.63 470.27 463.06 454.92 445.72 435.35 423.67 410.54 395.82 379.38 361.13 341.04 286.24 264.29 241.13 217.23 169.05 146.50 108.75 78.25 45.49 8.17 
0.00 0.00 245.40 293.83 390.56 389.74 437.28 484.64 483.73 482.83 481.93 481.04 480.16 479.31 478.48 477.68 476.91 476.18 475.48 474.83 474.22 473.65 473.13 472.65 472.22 471.83 471.49 471.19 470.93 470.71 470.52 470.36 470.23 470.13 470.04 469.97 469.90 469.83 469.75 469.66 469.55 469.41 469.22 468.97 468.66 468.27 467.79 467.19 466.47 465.60 464.56 463.33 461.89 460.20 458.23 455.95 453.33 450.31 446.85 442.89 438.39 433.26 427.43 420.83 413.35 404.91 395.37 384.63 372.56 359.02 343.90 327.07 308.46 288.05 266.16 242.98 218.81 170.86 128.66 109.81 65.83 47.25 0.00 
0.00 0.00 196.60 293.98 341.98 389.73 437.24 436.34 483.60 482.69 481.77 480.87 479.98 479.11 478.27 477.46 476.68 475.94 475.24 474.58 473.97 473.40 472.87 472.40 471.97 471.58 471.25 470.95 470.70 470.48 470.30 470.16 470.04 469.94 469.87 469.81 469.76 469.71 469.66 469.59 469.50 469.38 469.22 469.01 468.73 468.38 467.93 467.38 466.71 465.89 464.91 463.74 462.36 460.75 458.86 456.67 454.14 451.23 447.88 444.05 439.67 434.68 429.00 422.54 415.22 406.93 397.55 386.95 375.01 361.58 346.54 329.78 311.24 290.92 268.96 246.05 195.78 173.01 130.55 95.10 67.09 39.54 0.00 
0.00 0.00 196.82 294.10 342.02 389.68 437.14 436.21 483.43 482.49 481.55 480.63 479.73 478.85 478.00 477.17 476.39 475.63 474.93 474.26 473.64 473.07 472.55 472.07 471.64 471.26 470.93 470.64 470.39 470.19 470.02 469.89 469.78 469.70 469.65 469.61 469.58 469.55 469.52 469.48 469.42 469.33 469.21 469.03 468.80 468.49 468.10 467.60 466.98 466.23 465.32 464.23 462.93 461.41 459.63 457.55 455.13 452.35 449.14 445.46 441.25 436.44 430.95 424.70 417.59 409.51 400.34 389.95 378.21 364.96 350.07 333.42 314.95 294.63 272.29 249.24 198.50 175.64 132.78 96.85 69.77 42.14 0.00 
0.00 0.00 98.48 245.16 293.22 341.00 388.58 435.99 435.07 434.18 481.25 480.34 479.43 478.55 477.68 476.85 476.05 475.29 474.57 473.90 473.28 472.71 472.18 471.71 471.28 470.91 470.58 470.30 470.06 469.86 469.71 469.59 469.50 469.44 469.40 469.38 469.37 469.37 469.37 469.35 469.33 469.27 469.19 469.05 468.86 468.61 468.26 467.83 467.27 466.59 465.76 464.75 463.55 462.12 460.45 458.49 456.21 453.57 450.52 447.01 442.99 438.38 433.11 427.08 420.22 412.39 403.47 393.34 381.83 368.80 354.10 337.62 319.33 299.42 246.48 224.83 202.14 156.68 116.68 83.56 61.20 21.67 0.00 
0.00 0.00 0.00 196.09 293.04 340.80 388.35 387.49 434.78 433.89 433.01 432.14 431.31 430.50 429.72 428.96 428.23 427.54 426.89 426.28 425.72 425.20 424.72 424.30 423.92 423.58 423.29 423.04 422.83 422.66 422.53 422.43 422.36 422.32 422.30 422.29 422.30 422.32 422.33 422.34 422.34 422.32 422.27 422.18 422.04 421.84 421.57 421.22 420.77 420.20 419.50 418.66 417.64 416.43 415.00 413.32 411.36 409.09 406.46 403.42 399.92 395.91 391.31 386.05 380.02 373.14 365.28 356.31 346.09 334.50 321.39 306.64 290.10 271.24 250.72 229.40 180.35 160.10 120.00 88.23 52.46 0.00 0.00 
0.00 0.00 0.00 48.97 195.31 291.97 339.66 338.90 386.29 385.50 384.70 431.77 430.96 430.15 429.36 428.59 427.85 427.15 426.50 425.88 425.31 424.79 424.32 423.89 423.51 423.18 422.90 422.66 422.46 422.30 422.18 422.10 422.04 422.02 422.02 422.03 422.07 422.11 422.15 422.19 422.23 422.24 422.23 422.18 422.09 421.94 421.73 421.44 421.06 420.56 419.95 419.19 418.27 417.17 415.85 414.31 412.49 410.37 407.91 405.07 401.78 398.00 393.65 388.65 382.91 376.33 368.77 360.10 350.18 338.86 326.01 311.59 295.73 244.29 225.70 206.55 159.83 142.13 105.64 62.34 13.99 0.00 0.00 
0.00 0.00 0.00 0.00 97.55 194.60 290.90 290.27 337.79 337.11 384.35 383.59 382.84 382.11 381.39 380.69 380.02 379.39 378.80 378.25 377.74 377.27 376.85 376.47 376.14 375.85 375.60 375.39 375.22 375.09 375.00 374.93 374.90 374.89 374.90 374.94 374.99 375.04 375.11 375.17 375.22 375.26 375.29 375.28 375.23 375.15 375.00 374.79 374.50 374.12 373.64 373.04 372.30 371.40 370.33 369.05 367.55 365.80 363.75 361.37 358.62 355.45 351.78 347.56 342.69 337.07 330.60 323.13 314.53 304.62 293.28 280.40 265.93 249.68 200.47 183.82 139.90 125.98 73.81 33.29 0.00 0.00 0.00 
0.00 0.00 0.00 0.00 0.00 0.00 193.72 241.65 289.31 288.75 288.15 335.40 334.75 334.10 333.45 332.83 332.24 331.68 331.15 330.66 330.21 329.80 329.44 329.11 328.82 328.57 328.35 328.18 328.04 327.93 327.85 327.81 327.79 327.80 327.82 327.87 327.93 328.00 328.08 328.15 328.23 328.29 328.34 328.36 328.36 328.32 328.24 328.10 327.90 327.62 327.26 326.79 326.22 325.51 324.66 323.65 322.44 321.02 319.37 317.43 315.19 312.59 309.58 306.10 302.08 297.41 292.01 285.72 278.41 269.92 260.09 248.88 236.46 188.73 174.65 160.93 121.08 87.88 19.61 0.00 0.00 0.00 0.00 
0.00 0.00 0.00 0.00 0.00 0.00 0.00 96.56 192.75 192.41 239.97 239.49 239.00 238.51 238.03 237.57 237.14 236.73 236.35 236.00 235.67 235.38 235.12 234.88 234.68 234.50 234.35 234.23 234.13 234.06 234.01 233.99 233.98 234.00 234.03 234.07 234.12 234.18 234.25 234.32 234.39 234.45 234.51 234.55 234.57 234.56 234.53 234.46 234.35 234.18 233.96 233.67 233.31 232.86 232.31 231.64 230.85 229.92 228.82 227.53 226.04 224.30 222.29 219.95 217.24 214.08 210.39 206.07 200.98 194.97 187.87 179.55 169.99 159.70 117.65 110.11 50.82 0.00 0.00 0.00 0.00 0.00 0.00 
0.00 0.00 0.00 0.00 0.00 0.00 0.00 0.00 0.00 0.00 0.00 47.92 47.82 47.71 47.62 47.52 47.44 47.35 47.28 47.20 47.14 47.08 47.03 46.98 46.94 46.90 46.87 46.85 46.83 46.82 46.81 46.80 46.80 46.81 46.81 46.82 46.83 46.84 46.86 46.87 46.89 46.90 46.91 46.92 46.93 46.93 46.92 46.91 46.89 46.86 46.81 46.76 46.69 46.60 46.49 46.36 46.21 46.02 45.81 45.56 45.27 44.93 44.53 44.07 43.54 42.92 42.19 41.34 40.33 39.12 37.68 35.95 33.91 0.00 0.00 0.00 0.00 0.00 0.00 0.00 0.00 0.00 0.00 
