0.00 0.00 0.00 0.00 0.00 0.00 0.00 0.00 0.00 0.00 0.00 0.00 0.00 0.00 0.00 0.00 0.00 0.00 0.00 0.00 0.00 0.00 0.00 0.00 0.00 0.00 0.00 0.00 0.00 0.00 0.00 0.00 0.00 0.00 0.00 0.00 0.00 0.00 0.00 0.00 0.00 0.00 0.00 0.00 0.00 0.00 0.00 0.00 0.00 0.00 0.00 0.00 0.00 0.00 0.00 0.00 0.00 0.00 0.00 0.00 0.00 0.00 0.00 0.00 0.00 0.00 0.00 0.00 0.00 0.00 0.00 0.00 0.00 0.00 0.00 0.00 0.00 0.00 0.00 0.00 0.00 0.00 0.00 
0.00 0.00 0.00 0.00 0.00 0.00 0.00 0.00 0.00 0.00 0.00 9.52 10.16 11.22 12.60 14.32 16.39 18.81 21.59 24.71 28.12 31.73 35.46 39.21 42.91 46.49 49.91 53.17 56.25 59.16 61.91 64.51 66.98 69.33 71.56 73.69 75.72 77.66 79.52 81.31 83.02 84.67 86.25 87.78 89.25 90.67 92.05 93.38 94.67 95.92 97.13 98.31 99.46 100.57 101.66 102.72 103.76 104.77 105.76 106.72 107.66 108.59 109.49 110.37 111.24 112.08 112.90 113.70 114.47 115.21 115.90 116.49 116.91 0.00 0.00 0.00 0.00 0.00 0.00 0.00 0.00 0.00 0.00 
0.00 0.00 0.00 0.00 0.00 0.00 0.00 13.95 29.85 33.03 44.92 49.11 54.25 60.50 68.01 76.89 87.25 99.14 112.56 127.39 143.42 160.37 177.88 195.59 213.18 230.40 247.05 263.04 278.30 292.84 306.65 319.78 332.27 344.15 355.47 366.27 376.59 386.45 395.89 404.94 413.62 421.97 429.99 437.72 445.18 452.37 459.32 466.04 472.55 478.87 484.99 490.94 496.72 502.35 507.82 513.16 518.37 523.45 528.42 533.27 538.00 542.64 547.17 551.59 555.92 560.14 564.27 568.28 572.19 575.97 579.61 583.12 586.47 589.76 474.66 476.76 239.42 0.00 0.00 0.00 0.00 0.00 0.00 
0.00 0.00 0.00 0.00 0.00 0.00 27.21 35.87 45.95 50.24 55.19 69.68 76.83 85.60 96.11 108.52 122.95 139.48 158.10 178.66 200.90 224.40 248.72 273.36 297.88 321.91 345.20 367.59 388.99 409.37 428.76 447.20 464.73 481.41 497.30 512.46 526.93 540.77 554.01 566.70 578.88 590.58 601.83 612.67 623.12 633.20 642.94 652.36 661.48 670.33 678.91 687.24 695.34 703.22 710.90 718.38 725.67 732.79 739.74 746.53 753.17 759.66 766.00 772.20 778.25 784.17 789.94 795.57 801.03 806.32 811.42 816.30 820.89 707.92 711.95 715.53 599.51 481.92 121.03 0.00 0.00 0.00 0.00 
0.00 0.00 0.00 0.00 12.07 26.13 41.01 44.13 55.19 60.23 74.25 81.43 90.00 100.26 112.41 126.64 143.08 161.81 182.81 205.92 230.85 257.20 284.46 312.13 339.73 366.87 393.24 418.67 443.04 466.32 488.50 509.61 529.71 548.85 567.10 584.51 601.13 617.02 632.23 646.80 660.79 674.22 687.14 699.57 711.56 723.13 734.30 745.11 755.57 765.71 775.54 785.09 794.38 803.41 812.20 820.77 829.12 837.27 845.23 853.00 860.60 868.02 875.28 882.37 889.30 896.06 902.66 909.09 915.34 921.40 927.26 932.89 938.32 943.62 830.60 834.98 719.82 723.33 485.10 243.48 0.00 0.00 0.00 
0.00 0.00 0.00 0.00 25.11 39.27 48.50 52.48 64.35 70.22 77.02 93.67 103.38 115.06 128.84 144.88 163.32 184.24 207.60 233.24 260.86 290.03 320.22 350.90 381.56 411.78 441.22 469.67 497.00 523.15 548.11 571.90 594.58 616.18 636.79 656.45 675.23 693.19 710.37 726.84 742.64 757.81 772.40 786.44 799.97 813.03 825.64 837.83 849.63 861.07 872.16 882.93 893.40 903.58 913.49 923.15 932.56 941.75 950.71 959.47 968.02 976.38 984.55 992.54 1000.33 1007.95 1015.38 1022.62 1029.66 1036.49 1043.09 1049.42 1055.44 943.86 949.31 954.43 840.05 844.37 727.75 487.94 122.45 0.00 0.00 
0.00 0.00 0.00 23.71 37.30 46.11 56.03 60.69 73.18 79.89 87.73 96.68 107.02 119.10 133.14 149.30 167.70 188.39 211.35 236.40 263.29 291.63 320.98 350.85 380.78 410.40 439.38 467.50 494.62 520.65 545.58 569.41 592.15 613.86 634.59 654.38 673.29 691.38 708.69 725.28 741.19 756.47 771.16 785.30 798.92 812.06 824.74 837.01 848.87 860.37 871.52 882.34 892.85 903.07 913.02 922.71 932.16 941.37 950.37 959.14 967.72 976.10 984.28 992.28 1000.09 1007.71 1015.15 1022.40 1029.46 1036.31 1042.97 1049.41 1055.69 1061.96 1068.06 1073.84 960.18 965.19 849.43 732.26 490.65 0.00 0.00 
0.00 0.00 11.15 29.74 37.89 47.05 57.27 68.75 74.82 81.87 98.17 108.04 119.65 133.18 148.84 166.80 187.21 210.12 235.50 263.18 292.87 324.16 356.57 389.57 422.68 455.46 487.56 518.75 548.85 577.78 605.50 632.00 657.31 681.48 704.56 726.59 747.65 767.80 787.08 805.55 823.26 840.27 856.62 872.35 887.51 902.12 916.24 929.88 943.07 955.86 968.25 980.29 991.97 1003.34 1014.40 1025.18 1035.68 1045.92 1055.91 1065.67 1075.20 1084.51 1093.61 1102.49 1111.17 1119.65 1127.92 1135.99 1143.84 1151.48 1158.91 1166.11 1173.09 1179.79 1068.18 1074.18 1080.05 965.60 849.97 732.97 614.17 246.64 0.00 
0.00 0.00 22.56 35.72 44.27 53.82 64.43 69.81 83.15 90.84 99.90 110.27 122.21 135.99 151.80 169.82 190.17 212.90 237.96 265.22 294.40 325.12 356.95 389.41 422.03 454.41 486.20 517.16 547.12 575.98 603.68 630.21 655.58 679.83 702.99 725.13 746.29 766.53 785.91 804.47 822.27 839.36 855.78 871.58 886.80 901.47 915.64 929.33 942.57 955.40 967.83 979.89 991.61 1003.01 1014.10 1024.89 1035.42 1045.68 1055.69 1065.46 1075.00 1084.32 1093.43 1102.32 1111.01 1119.50 1127.77 1135.85 1143.72 1151.38 1158.84 1166.10 1173.16 1180.06 1186.86 1193.32 1080.38 1086.20 971.36 855.17 737.30 493.64 0.00 
0.00 0.00 23.30 36.27 44.76 54.34 65.07 70.53 84.03 92.00 101.25 111.82 123.95 137.87 153.76 171.80 192.08 214.66 239.50 266.45 295.27 325.61 357.06 389.16 421.46 453.58 485.17 516.00 545.88 574.71 602.41 628.97 654.39 678.70 701.94 724.15 745.39 765.70 785.15 803.78 821.64 838.78 855.26 871.10 886.36 901.08 915.28 929.00 942.27 955.12 967.58 979.66 991.40 1002.81 1013.92 1024.73 1035.26 1045.53 1055.56 1065.34 1074.89 1084.21 1093.33 1102.23 1110.92 1119.40 1127.69 1135.77 1143.64 1151.32 1158.80 1166.09 1173.20 1180.16 1186.97 1193.49 1080.55 1086.45 971.64 855.45 737.70 494.58 0.00 
0.00 0.00 29.12 36.47 50.70 54.42 65.30 77.40 84.28 92.44 101.75 112.37 124.54 138.49 154.40 172.42 192.66 215.16 239.89 266.71 295.38 325.57 356.87 388.84 421.04 453.07 484.61 515.41 545.29 574.12 601.85 628.45 653.92 678.27 701.56 723.82 745.10 765.45 784.93 803.59 821.48 838.65 855.15 871.01 886.29 901.01 915.22 928.95 942.23 955.09 967.55 979.64 991.38 1002.80 1013.90 1024.71 1035.25 1045.52 1055.55 1065.33 1074.88 1084.21 1093.32 1102.22 1110.91 1119.39 1127.68 1135.76 1143.64 1151.32 1158.80 1166.10 1173.23 1180.22 1187.06 1193.70 1200.15 1086.60 971.82 977.00 737.98 618.20 0.00 
0.00 0.00 29.12 39.02 50.49 54.18 65.05 77.10 83.99 92.16 101.44 120.55 133.36 148.29 165.48 185.10 207.30 232.14 259.61 289.58 321.75 355.72 390.98 426.98 463.16 499.06 534.30 568.59 601.75 633.67 664.28 693.59 721.61 748.37 773.92 798.33 821.65 843.94 865.27 885.69 905.27 924.06 942.10 959.46 976.17 992.29 1007.84 1022.86 1037.40 1051.47 1065.12 1078.36 1091.22 1103.72 1115.89 1127.74 1139.29 1150.56 1161.55 1172.28 1182.76 1193.00 1203.00 1212.78 1222.32 1231.65 1240.75 1249.63 1258.28 1266.70 1274.89 1282.82 1290.46 1180.24 1187.09 1193.74 1200.16 1086.68 1092.53 976.99 860.02 618.29 124.13 
0.00 0.00 28.71 38.53 49.88 53.53 64.30 76.26 83.07 91.17 100.40 119.43 132.18 147.05 164.19 183.79 205.98 230.85 258.38 288.44 320.74 354.86 390.29 426.46 462.83 498.90 534.30 568.74 602.03 634.05 664.76 694.13 722.20 748.99 774.57 798.98 822.30 844.59 865.90 886.31 905.87 924.63 942.65 959.98 976.66 992.75 1008.27 1023.27 1037.78 1051.83 1065.45 1078.66 1091.50 1103.99 1116.14 1127.97 1139.51 1150.76 1161.74 1172.45 1182.92 1193.15 1203.14 1212.91 1222.45 1231.76 1240.86 1249.73 1258.37 1266.78 1274.95 1282.86 1290.49 1180.24 1187.06 1193.67 1200.05 1086.53 1092.32 976.72 859.69 617.84 124.04 
0.00 0.00 27.92 35.04 48.92 52.51 63.07 74.93 81.56 89.50 98.63 109.06 121.04 134.81 150.57 168.50 188.73 211.30 236.20 263.30 292.35 322.99 354.80 387.32 420.06 452.62 484.65 515.89 546.15 575.30 603.29 630.08 655.70 680.15 703.50 725.78 747.06 767.39 786.82 805.42 823.25 840.34 856.76 872.54 887.73 902.37 916.50 930.15 943.35 956.13 968.52 980.54 992.22 1003.58 1014.63 1025.39 1035.88 1046.11 1056.09 1065.83 1075.35 1084.65 1093.73 1102.61 1111.28 1119.74 1128.00 1136.06 1143.91 1151.56 1159.00 1166.25 1173.32 1180.23 1186.98 1193.49 1199.80 1086.13 971.23 976.20 737.06 616.90 0.00 
0.00 0.00 21.61 34.01 42.09 51.21 61.49 66.73 79.65 87.17 96.06 106.30 118.09 131.68 147.32 165.18 185.41 208.10 233.22 260.64 290.11 321.23 353.57 386.60 419.85 452.87 485.30 516.87 547.39 576.75 604.87 631.76 657.42 681.89 705.22 727.47 748.69 768.96 788.32 806.85 824.60 841.61 857.95 873.66 888.78 903.35 917.41 930.99 944.13 956.86 969.20 981.17 992.80 1004.11 1015.12 1025.85 1036.30 1046.50 1056.46 1066.18 1075.67 1084.95 1094.02 1102.88 1111.53 1119.98 1128.23 1136.27 1144.11 1151.73 1159.15 1166.36 1173.37 1180.20 1186.82 1193.14 1080.03 1085.66 970.64 854.22 736.28 492.69 0.00 
0.00 0.00 20.90 32.94 40.78 49.67 59.69 64.65 77.29 84.49 93.01 102.85 114.31 127.62 143.03 160.76 180.98 203.80 229.21 257.07 287.11 318.92 351.98 385.76 419.71 453.36 486.33 518.34 549.19 578.79 607.08 634.06 659.75 684.21 707.50 729.69 750.83 771.00 790.26 808.69 826.32 843.24 859.47 875.08 890.10 904.58 918.55 932.06 945.12 957.77 970.04 981.95 993.53 1004.78 1015.74 1026.42 1036.83 1047.00 1056.92 1066.61 1076.07 1085.33 1094.37 1103.21 1111.85 1120.29 1128.52 1136.54 1144.36 1151.95 1159.33 1166.48 1173.40 1180.11 1186.67 1192.84 1079.65 1085.11 969.97 853.47 735.16 491.63 0.00 
0.00 0.00 10.31 26.74 34.06 42.42 51.82 62.45 67.94 74.44 89.78 99.11 110.14 123.09 138.23 155.79 175.98 198.93 224.65 253.00 283.70 316.27 350.18 384.82 419.58 453.96 487.55 520.06 551.29 581.16 609.62 636.69 662.42 686.86 710.09 732.19 753.23 773.29 792.43 810.73 828.25 845.04 861.16 876.65 891.56 905.94 919.82 933.23 946.20 958.78 970.97 982.81 994.32 1005.52 1016.42 1027.05 1037.42 1047.53 1057.42 1067.07 1076.51 1085.74 1094.76 1103.58 1112.20 1120.62 1128.84 1136.84 1144.63 1152.19 1159.52 1166.59 1173.39 1179.87 1068.01 1073.67 1079.14 964.40 848.45 731.13 611.58 245.55 0.00 
0.00 0.00 0.00 20.99 33.04 40.94 49.94 53.85 65.29 71.21 78.35 86.79 96.50 107.92 121.36 137.04 155.18 175.90 199.21 225.00 253.00 282.78 313.80 345.50 377.30 408.72 439.38 468.98 497.38 524.46 550.23 574.68 597.88 619.89 640.78 660.63 679.51 697.49 714.65 731.04 746.73 761.76 776.19 790.06 803.41 816.28 828.70 840.71 852.33 863.59 874.51 885.12 895.43 905.47 915.25 924.78 934.08 943.15 952.02 960.69 969.16 977.45 985.56 993.48 1001.23 1008.79 1016.17 1023.37 1030.35 1037.13 1043.68 1049.99 1056.08 1062.11 1067.88 1073.25 959.26 963.74 847.59 729.82 488.25 0.00 0.00 
0.00 0.00 0.00 5.28 21.50 34.06 42.29 45.47 56.03 61.02 67.16 82.92 91.91 102.81 115.85 131.28 149.33 170.16 193.82 220.19 248.97 279.69 311.76 344.51 377.31 409.61 441.00 471.18 500.00 527.37 553.29 577.82 601.02 622.97 643.76 663.49 682.23 700.07 717.07 733.32 748.85 763.74 778.04 791.77 805.00 817.76 830.07 841.98 853.50 864.67 875.51 886.04 896.29 906.26 915.97 925.45 934.70 943.73 952.56 961.19 969.63 977.90 985.98 993.88 1001.61 1009.17 1016.54 1023.71 1030.68 1037.43 1043.91 1050.10 1055.92 944.10 949.21 953.88 839.17 842.90 725.81 485.71 121.83 0.00 0.00 
0.00 0.00 0.00 0.00 10.84 22.12 35.13 37.45 47.06 51.03 63.78 70.23 77.92 87.25 98.51 111.98 127.90 146.45 167.72 191.60 217.82 245.93 275.32 305.34 335.36 364.83 393.35 420.66 446.62 471.17 494.33 516.18 536.78 556.24 574.63 592.06 608.60 624.34 639.33 653.65 667.34 680.46 693.05 705.16 716.82 728.07 738.92 749.43 759.60 769.45 779.03 788.33 797.37 806.19 814.77 823.15 831.34 839.33 847.14 854.79 862.27 869.59 876.76 883.77 890.64 897.34 903.89 910.27 916.46 922.45 928.21 933.71 938.92 943.93 830.58 834.49 718.97 721.74 483.22 242.39 0.00 0.00 0.00 
0.00 0.00 0.00 0.00 0.00 0.00 23.25 30.25 38.71 41.61 45.36 58.46 64.56 72.24 81.70 93.18 106.93 123.16 141.97 163.32 186.94 212.40 239.10 266.36 293.55 320.14 345.74 370.11 393.14 414.81 435.17 454.29 472.27 489.20 505.19 520.32 534.67 548.30 561.29 573.69 585.55 596.92 607.83 618.32 628.43 638.17 647.59 656.70 665.53 674.09 682.40 690.48 698.34 706.00 713.47 720.76 727.88 734.84 741.65 748.32 754.84 761.23 767.48 773.61 779.61 785.47 791.20 796.79 802.22 807.47 812.50 817.27 821.65 708.38 711.98 714.98 598.40 480.45 120.58 0.00 0.00 0.00 0.00 
0.00 0.00 0.00 0.00 0.00 0.00 0.00 12.38 25.83 26.86 36.41 39.49 43.62 48.84 55.32 63.26 72.89 84.41 97.93 113.44 130.78 149.59 169.39 189.62 209.75 229.34 248.09 265.83 282.49 298.08 312.66 326.30 339.10 351.12 362.45 373.17 383.32 392.96 402.15 410.92 419.31 427.35 435.07 442.50 449.65 456.56 463.23 469.69 475.94 482.01 487.91 493.64 499.23 504.67 509.97 515.15 520.22 525.17 530.01 534.75 539.40 543.95 548.41 552.78 557.06 561.26 565.36 569.36 573.26 577.04 580.69 584.15 587.37 590.18 474.51 476.09 238.91 0.00 0.00 0.00 0.00 0.00 0.00 
0.00 0.00 0.00 0.00 0.00 0.00 0.00 0.00 0.00 0.00 0.00 7.73 8.56 9.59 10.86 12.41 14.31 16.59 19.28 22.39 25.89 29.71 33.73 37.85 41.94 45.91 49.71 53.28 56.62 59.75 62.66 65.38 67.93 70.33 72.59 74.72 76.75 78.67 80.50 82.25 83.92 85.53 87.07 88.55 89.98 91.35 92.69 93.98 95.22 96.44 97.61 98.76 99.87 100.96 102.02 103.06 104.07 105.06 106.03 106.97 107.90 108.81 109.71 110.58 111.44 112.28 113.10 113.90 114.69 115.45 116.19 116.91 117.58 0.00 0.00 0.00 0.00 0.00 0.00 0.00 0.00 0.00 0.00 
