0.00 0.00 0.00 0.00 0.00 0.00 0.00 0.00 0.00 0.00 0.00 0.00 0.00 0.00 0.00 0.00 0.00 0.00 0.00 0.00 0.00 0.00 0.00 0.00 0.00 0.00 0.00 0.00 0.00 0.00 0.00 0.00 0.00 0.00 
0.00 0.00 0.00 0.00 0.00 0.00 0.00 0.00 0.00 0.00 0.00 0.00 0.00 0.00 0.00 0.00 0.00 0.00 0.00 0.00 0.00 0.00 0.00 0.00 0.00 0.00 0.00 0.00 0.00 0.00 0.00 0.00 0.00 0.00 
0.00 0.00 0.00 0.00 0.00 0.00 0.00 0.00 0.00 0.00 799.96 0.00 0.00 0.00 799.96 3999.80 799.96 0.00 0.00 0.00 799.96 0.00 0.00 0.00 0.00 0.00 0.00 0.00 0.00 0.00 0.00 0.00 0.00 0.00 
0.00 0.00 0.00 0.00 0.00 0.00 0.00 0.00 0.00 0.00 0.00 0.00 0.00 0.00 0.00 800.00 0.00 0.00 0.00 0.00 0.00 0.00 0.00 0.00 0.00 0.00 0.00 0.00 0.00 0.00 0.00 0.00 0.00 0.00 
0.00 0.00 0.00 0.00 0.00 0.00 799.95 0.00 0.00 0.00 0.00 800.00 0.00 0.00 0.00 0.00 0.00 0.00 0.00 0.00 0.00 0.00 0.00 0.00 0.00 0.00 0.00 0.00 0.00 0.00 0.00 0.00 0.00 0.00 
0.00 0.00 0.00 0.00 0.00 799.95 3200.00 800.00 0.00 0.00 1600.00 3200.00 800.00 0.00 0.00 800.00 0.00 0.00 0.00 800.00 0.00 0.00 0.00 0.00 0.00 0.00 800.00 0.00 0.00 0.00 0.00 0.00 0.00 0.00 
0.00 0.00 0.00 0.00 1599.90 0.00 800.00 0.00 0.00 800.00 3200.00 1600.00 0.00 0.00 0.00 800.00 0.00 800.00 800.00 3200.00 800.00 0.00 0.00 0.00 0.00 0.00 0.00 0.00 0.00 0.00 0.00 0.00 0.00 0.00 
0.00 0.00 0.00 1599.93 3999.95 800.00 0.00 0.00 0.00 0.00 800.00 0.00 0.00 0.00 0.00 0.00 1600.00 3200.00 1600.00 800.00 0.00 800.00 0.00 800.00 0.00 0.00 0.00 0.00 0.00 0.00 0.00 0.00 0.00 0.00 
0.00 0.00 0.00 799.96 4000.00 800.00 0.00 0.00 0.00 0.00 0.00 0.00 0.00 0.00 0.00 0.00 0.00 800.00 0.00 800.00 800.00 0.00 0.00 0.00 0.00 0.00 0.00 0.00 0.00 0.00 0.00 799.96 0.00 0.00 
0.00 0.00 0.00 0.00 800.00 0.00 0.00 800.00 0.00 0.00 0.00 0.00 0.00 0.00 0.00 0.00 0.00 0.00 0.00 0.00 0.00 0.00 0.00 0.00 0.00 0.00 0.00 0.00 800.00 0.00 0.00 0.00 0.00 0.00 
0.00 0.00 799.96 0.00 0.00 0.00 0.00 0.00 0.00 0.00 0.00 0.00 0.00 0.00 0.00 0.00 0.00 0.00 0.00 0.00 0.00 0.00 800.00 0.00 0.00 0.00 0.00 0.00 0.00 0.00 800.00 0.00 0.00 0.00 
0.00 0.00 0.00 0.00 0.00 0.00 0.00 0.00 0.00 0.00 0.00 0.00 800.00 0.00 0.00 800.00 0.00 0.00 0.00 0.00 0.00 0.00 0.00 0.00 0.00 0.00 0.00 0.00 800.00 0.00 0.00 0.00 0.00 0.00 
0.00 0.00 0.00 0.00 0.00 800.00 0.00 0.00 0.00 0.00 0.00 0.00 0.00 0.00 0.00 0.00 0.00 0.00 0.00 0.00 0.00 0.00 0.00 0.00 0.00 0.00 0.00 800.00 3200.00 1600.00 0.00 0.00 0.00 0.00 
0.00 0.00 0.00 800.00 0.00 0.00 800.00 0.00 0.00 0.00 0.00 0.00 0.00 0.00 0.00 800.00 0.00 0.00 0.00 0.00 0.00 0.00 0.00 0.00 0.00 0.00 0.00 0.00 1600.00 0.00 0.00 0.00 0.00 0.00 
0.00 0.00 799.96 3200.00 800.00 0.00 0.00 0.00 0.00 0.00 0.00 0.00 0.00 0.00 800.00 3200.00 800.00 0.00 0.00 0.00 800.00 800.00 0.00 0.00 800.00 0.00 0.00 800.00 0.00 0.00 800.00 0.00 0.00 0.00 
0.00 0.00 799.97 799.98 0.00 800.00 0.00 0.00 800.00 0.00 0.00 0.00 0.00 0.00 0.00 800.00 0.00 0.00 0.00 1600.00 4800.00 1600.00 800.00 800.00 0.00 0.00 0.00 0.00 0.00 800.00 3200.00 799.98 0.00 0.00 
0.00 0.00 0.00 0.00 0.00 0.00 800.00 0.00 0.00 0.00 0.00 800.00 0.00 0.00 0.00 0.00 0.00 0.00 0.00 800.00 4000.00 800.00 800.00 3200.00 1600.00 0.00 0.00 0.00 0.00 0.00 1600.00 0.00 0.00 0.00 
0.00 0.00 0.00 799.96 0.00 0.00 0.00 0.00 0.00 0.00 800.00 3200.00 800.00 0.00 0.00 0.00 800.00 0.00 800.00 0.00 800.00 0.00 0.00 800.00 0.00 0.00 0.00 0.00 800.00 0.00 0.00 0.00 0.00 0.00 
0.00 0.00 0.00 0.00 0.00 0.00 0.00 0.00 800.00 0.00 0.00 1600.00 0.00 0.00 0.00 0.00 800.00 0.00 0.00 0.00 0.00 0.00 0.00 800.00 0.00 800.00 800.00 0.00 0.00 0.00 0.00 0.00 0.00 0.00 
0.00 0.00 0.00 0.00 0.00 0.00 0.00 0.00 0.00 0.00 0.00 0.00 0.00 0.00 0.00 0.00 0.00 0.00 0.00 0.00 0.00 0.00 0.00 800.00 800.00 4000.00 4800.00 800.00 0.00 0.00 0.00 0.00 0.00 0.00 
0.00 0.00 0.00 0.00 0.00 0.00 0.00 799.99 0.00 0.00 0.00 0.00 0.00 0.00 0.00 0.00 800.00 0.00 0.00 0.00 0.00 0.00 0.00 800.00 0.00 2400.00 4000.00 799.99 0.00 0.00 0.00 0.00 0.00 0.00 
0.00 0.00 0.00 0.00 0.00 0.00 0.00 0.00 0.00 0.00 0.00 1600.00 800.00 800.00 0.00 0.00 800.00 0.00 0.00 0.00 800.00 0.00 0.00 0.00 800.00 0.00 1599.91 799.96 0.00 0.00 0.00 0.00 0.00 0.00 
0.00 0.00 0.00 0.00 0.00 0.00 0.00 0.00 0.00 0.00 799.96 3999.80 799.96 0.00 799.96 0.00 0.00 0.00 0.00 799.96 3999.80 799.96 0.00 799.96 3999.80 799.97 0.00 0.00 0.00 0.00 0.00 0.00 0.00 0.00 
0.00 0.00 0.00 0.00 0.00 0.00 0.00 0.00 0.00 0.00 0.00 0.00 0.00 0.00 0.00 0.00 0.00 0.00 0.00 0.00 0.00 0.00 0.00 0.00 0.00 0.00 0.00 0.00 0.00 0.00 0.00 0.00 0.00 0.00 
