0.00 0.00 0.00 0.00 0.00 0.00 0.00 0.00 0.00 0.00 0.00 0.00 0.00 0.00 0.00 0.00 0.00 0.00 0.00 0.00 0.00 0.00 0.00 0.00 0.00 0.00 0.00 0.00 0.00 0.00 0.00 0.00 0.00 0.00 0.00 0.00 0.00 0.00 0.00 0.00 0.00 0.00 0.00 0.00 
0.00 0.00 0.00 0.00 0.00 0.00 0.00 0.00 0.00 0.00 0.00 0.00 0.00 0.00 0.00 0.00 0.00 0.00 0.00 0.00 0.00 0.00 0.00 0.00 0.00 0.00 0.00 0.00 0.00 0.00 0.00 0.00 0.00 0.00 0.00 0.00 0.00 0.00 0.00 0.00 0.00 0.00 0.00 0.00 
0.00 0.00 1498.65 1498.65 1498.66 1498.66 1498.66 1498.66 1498.66 1498.67 1498.67 1498.67 1498.68 1498.68 1498.68 1498.69 1498.69 1498.70 1498.70 1498.71 1498.71 1498.72 1498.72 1498.73 1498.73 1498.74 1498.75 1498.75 1498.76 1498.76 1498.76 1498.77 1498.77 1498.78 1498.78 1498.78 1498.79 1498.79 1498.79 1498.79 1498.79 1498.79 1498.79 0.00 
0.00 0.00 1498.66 1498.66 1498.66 1498.66 1498.66 1498.66 1498.66 1498.67 1498.67 1498.67 1498.68 1498.68 1498.69 1498.69 1498.69 1498.70 1498.70 1498.71 1498.71 1498.72 1498.73 1498.73 1498.74 1498.74 1498.75 1498.75 1498.76 1498.76 1498.77 1498.77 1498.77 1498.78 1498.78 1498.78 1498.79 1498.79 1498.79 1498.79 1498.79 1498.79 1498.80 0.00 
0.00 0.00 1498.66 1498.66 1498.66 1498.66 1498.66 1498.66 1498.67 1498.67 1498.67 1498.68 1498.68 1498.68 1498.69 1498.69 1498.70 1498.70 1498.71 1498.71 1498.72 1498.72 1498.73 1498.73 1498.74 1498.74 1498.75 1498.75 1498.76 1498.76 1498.77 1498.77 1498.78 1498.78 1498.78 1498.79 1498.79 1498.79 1498.79 1498.80 1498.80 1498.80 1498.80 0.00 
0.00 0.00 1498.66 1498.66 1498.66 1498.67 1498.67 1498.67 1498.67 1498.67 1498.68 1498.68 1498.68 1498.69 1498.69 1498.70 1498.70 1498.71 1498.71 1498.72 1498.72 1498.73 1498.73 1498.74 1498.74 1498.75 1498.75 1498.76 1498.76 1498.77 1498.77 1498.78 1498.78 1498.79 1498.79 1498.79 1498.79 1498.80 1498.80 1498.80 1498.80 1498.80 1498.80 0.00 
0.00 0.00 1498.67 1498.67 1498.67 1498.67 1498.67 1498.68 1498.68 1498.68 1498.68 1498.69 1498.69 1498.69 1498.70 1498.70 1498.71 1498.71 1498.72 1498.72 1498.73 1498.73 1498.74 1498.74 1498.75 1498.75 1498.76 1498.77 1498.77 1498.77 1498.78 1498.78 1498.79 1498.79 1498.79 1498.80 1498.80 1498.80 1498.80 1498.81 1498.81 1498.81 1498.81 0.00 
0.00 0.00 1498.68 1498.68 1498.68 1498.68 1498.68 1498.68 1498.68 1498.69 1498.69 1498.69 1498.70 1498.70 1498.71 1498.71 1498.72 1498.72 1498.73 1498.73 1498.74 1498.74 1498.75 1498.75 1498.76 1498.76 1498.77 1498.77 1498.78 1498.78 1498.79 1498.79 1498.79 1498.80 1498.80 1498.80 1498.81 1498.81 1498.81 1498.81 1498.81 1498.82 1498.82 0.00 
0.00 0.00 1498.69 1498.69 1498.69 1498.69 1498.69 1498.69 1498.69 1498.70 1498.70 1498.70 1498.71 1498.71 1498.71 1498.72 1498.72 1498.73 1498.73 1498.74 1498.74 1498.75 1498.76 1498.76 1498.77 1498.77 1498.78 1498.78 1498.79 1498.79 1498.80 1498.80 1498.80 1498.81 1498.81 1498.81 1498.82 1498.82 1498.82 1498.82 1498.82 1498.82 1498.82 0.00 
0.00 0.00 1498.70 1498.70 1498.70 1498.70 1498.70 1498.70 1498.70 1498.71 1498.71 1498.71 1498.72 1498.72 1498.73 1498.73 1498.73 1498.74 1498.74 1498.75 1498.75 1498.76 1498.77 1498.77 1498.78 1498.78 1498.79 1498.79 1498.80 1498.80 1498.81 1498.81 1498.81 1498.82 1498.82 1498.82 1498.83 1498.83 1498.83 1498.83 1498.83 1498.83 1498.84 0.00 
0.00 0.00 1498.71 1498.71 1498.71 1498.71 1498.71 1498.71 1498.72 1498.72 1498.72 1498.72 1498.73 1498.73 1498.74 1498.74 1498.75 1498.75 1498.76 1498.76 1498.77 1498.77 1498.78 1498.78 1498.79 1498.79 1498.80 1498.80 1498.81 1498.81 1498.82 1498.82 1498.83 1498.83 1498.83 1498.84 1498.84 1498.84 1498.84 1498.84 1498.85 1498.85 1498.85 0.00 
0.00 0.00 1498.72 1498.72 1498.72 1498.72 1498.72 1498.73 1498.73 1498.73 1498.73 1498.74 1498.74 1498.75 1498.75 1498.75 1498.76 1498.76 1498.77 1498.77 1498.78 1498.78 1498.79 1498.80 1498.80 1498.81 1498.81 1498.82 1498.82 1498.83 1498.83 1498.83 1498.84 1498.84 1498.85 1498.85 1498.85 1498.85 1498.86 1498.86 1498.86 1498.86 1498.86 0.00 
0.00 0.00 1498.73 1498.73 1498.74 1498.74 1498.74 1498.74 1498.74 1498.75 1498.75 1498.75 1498.76 1498.76 1498.76 1498.77 1498.77 1498.78 1498.78 1498.79 1498.79 1498.80 1498.80 1498.81 1498.81 1498.82 1498.83 1498.83 1498.84 1498.84 1498.84 1498.85 1498.85 1498.86 1498.86 1498.86 1498.87 1498.87 1498.87 1498.87 1498.87 1498.87 1498.87 0.00 
0.00 0.00 1498.75 1498.75 1498.75 1498.75 1498.75 1498.76 1498.76 1498.76 1498.76 1498.77 1498.77 1498.78 1498.78 1498.78 1498.79 1498.79 1498.80 1498.80 1498.81 1498.81 1498.82 1498.82 1498.83 1498.84 1498.84 1498.85 1498.85 1498.86 1498.86 1498.86 1498.87 1498.87 1498.88 1498.88 1498.88 1498.88 1498.89 1498.89 1498.89 1498.89 1498.89 0.00 
0.00 0.00 1498.77 1498.77 1498.77 1498.77 1498.77 1498.77 1498.77 1498.78 1498.78 1498.78 1498.79 1498.79 1498.80 1498.80 1498.81 1498.81 1498.82 1498.82 1498.83 1498.83 1498.84 1498.84 1498.85 1498.85 1498.86 1498.86 1498.87 1498.87 1498.88 1498.88 1498.88 1498.89 1498.89 1498.90 1498.90 1498.90 1498.90 1498.90 1498.91 1498.91 1498.91 0.00 
0.00 0.00 1498.78 1498.78 1498.79 1498.79 1498.79 1498.79 1498.79 1498.80 1498.80 1498.80 1498.81 1498.81 1498.81 1498.82 1498.82 1498.83 1498.83 1498.84 1498.84 1498.85 1498.85 1498.86 1498.87 1498.87 1498.88 1498.88 1498.89 1498.89 1498.89 1498.90 1498.90 1498.91 1498.91 1498.91 1498.92 1498.92 1498.92 1498.92 1498.92 1498.92 1498.92 0.00 
0.00 0.00 1498.80 1498.80 1498.80 1498.81 1498.81 1498.81 1498.81 1498.81 1498.82 1498.82 1498.82 1498.83 1498.83 1498.84 1498.84 1498.85 1498.85 1498.86 1498.86 1498.87 1498.87 1498.88 1498.88 1498.89 1498.89 1498.90 1498.90 1498.91 1498.91 1498.92 1498.92 1498.93 1498.93 1498.93 1498.93 1498.94 1498.94 1498.94 1498.94 1498.94 1498.94 0.00 
0.00 0.00 1498.82 1498.82 1498.82 1498.83 1498.83 1498.83 1498.83 1498.83 1498.84 1498.84 1498.85 1498.85 1498.85 1498.86 1498.86 1498.87 1498.87 1498.88 1498.88 1498.89 1498.89 1498.90 1498.90 1498.91 1498.91 1498.92 1498.92 1498.93 1498.93 1498.94 1498.94 1498.95 1498.95 1498.95 1498.96 1498.96 1498.96 1498.96 1498.96 1498.96 1498.96 0.00 
0.00 0.00 1498.85 1498.85 1498.85 1498.85 1498.85 1498.85 1498.85 1498.86 1498.86 1498.86 1498.87 1498.87 1498.87 1498.88 1498.88 1498.89 1498.89 1498.90 1498.90 1498.91 1498.91 1498.92 1498.93 1498.93 1498.94 1498.94 1498.95 1498.95 1498.96 1498.96 1498.96 1498.97 1498.97 1498.97 1498.98 1498.98 1498.98 1498.98 1498.98 1498.98 1498.98 0.00 
0.00 0.00 1498.87 1498.87 1498.87 1498.87 1498.87 1498.87 1498.88 1498.88 1498.88 1498.88 1498.89 1498.89 1498.90 1498.90 1498.91 1498.91 1498.92 1498.92 1498.93 1498.93 1498.94 1498.94 1498.95 1498.95 1498.96 1498.96 1498.97 1498.97 1498.98 1498.98 1498.99 1498.99 1498.99 1499.00 1499.00 1499.00 1499.00 1499.00 1499.01 1499.01 1499.01 0.00 
0.00 0.00 1498.89 1498.89 1498.89 1498.89 1498.89 1498.90 1498.90 1498.90 1498.90 1498.91 1498.91 1498.92 1498.92 1498.92 1498.93 1498.93 1498.94 1498.94 1498.95 1498.95 1498.96 1498.97 1498.97 1498.98 1498.98 1498.99 1498.99 1499.00 1499.00 1499.00 1499.01 1499.01 1499.02 1499.02 1499.02 1499.02 1499.03 1499.03 1499.03 1499.03 1499.03 0.00 
0.00 0.00 1498.91 1498.91 1498.92 1498.92 1498.92 1498.92 1498.92 1498.93 1498.93 1498.93 1498.94 1498.94 1498.94 1498.95 1498.95 1498.96 1498.96 1498.97 1498.97 1498.98 1498.98 1498.99 1498.99 1499.00 1499.01 1499.01 1499.02 1499.02 1499.02 1499.03 1499.03 1499.04 1499.04 1499.04 1499.05 1499.05 1499.05 1499.05 1499.05 1499.05 1499.05 0.00 
0.00 0.00 1498.94 1498.94 1498.94 1498.94 1498.94 1498.95 1498.95 1498.95 1498.95 1498.96 1498.96 1498.96 1498.97 1498.97 1498.98 1498.98 1498.99 1498.99 1499.00 1499.00 1499.01 1499.01 1499.02 1499.03 1499.03 1499.04 1499.04 1499.04 1499.05 1499.05 1499.06 1499.06 1499.06 1499.07 1499.07 1499.07 1499.07 1499.08 1499.08 1499.08 1499.08 0.00 
0.00 0.00 1498.96 1498.97 1498.97 1498.97 1498.97 1498.97 1498.97 1498.98 1498.98 1498.98 1498.99 1498.99 1498.99 1499.00 1499.00 1499.01 1499.01 1499.02 1499.02 1499.03 1499.03 1499.04 1499.05 1499.05 1499.06 1499.06 1499.07 1499.07 1499.07 1499.08 1499.08 1499.09 1499.09 1499.09 1499.10 1499.10 1499.10 1499.10 1499.10 1499.10 1499.10 0.00 
0.00 0.00 1498.99 1498.99 1498.99 1498.99 1499.00 1499.00 1499.00 1499.00 1499.01 1499.01 1499.01 1499.02 1499.02 1499.03 1499.03 1499.03 1499.04 1499.04 1499.05 1499.06 1499.06 1499.07 1499.07 1499.08 1499.08 1499.09 1499.09 1499.10 1499.10 1499.11 1499.11 1499.11 1499.12 1499.12 1499.12 1499.12 1499.13 1499.13 1499.13 1499.13 1499.13 0.00 
0.00 0.00 1499.02 1499.02 1499.02 1499.02 1499.02 1499.02 1499.03 1499.03 1499.03 1499.04 1499.04 1499.04 1499.05 1499.05 1499.06 1499.06 1499.07 1499.07 1499.08 1499.08 1499.09 1499.09 1499.10 1499.10 1499.11 1499.11 1499.12 1499.12 1499.13 1499.13 1499.14 1499.14 1499.14 1499.15 1499.15 1499.15 1499.15 1499.16 1499.16 1499.16 1499.16 0.00 
0.00 0.00 1499.05 1499.05 1499.05 1499.05 1499.05 1499.05 1499.05 1499.06 1499.06 1499.06 1499.07 1499.07 1499.07 1499.08 1499.08 1499.09 1499.09 1499.10 1499.10 1499.11 1499.12 1499.12 1499.13 1499.13 1499.14 1499.14 1499.15 1499.15 1499.16 1499.16 1499.16 1499.17 1499.17 1499.17 1499.18 1499.18 1499.18 1499.18 1499.18 1499.18 1499.18 0.00 
0.00 0.00 1499.07 1499.07 1499.07 1499.08 1499.08 1499.08 1499.08 1499.08 1499.09 1499.09 1499.09 1499.10 1499.10 1499.11 1499.11 1499.12 1499.12 1499.13 1499.13 1499.14 1499.14 1499.15 1499.15 1499.16 1499.16 1499.17 1499.17 1499.18 1499.18 1499.19 1499.19 1499.20 1499.20 1499.20 1499.20 1499.21 1499.21 1499.21 1499.21 1499.21 1499.21 0.00 
0.00 0.00 1499.10 1499.10 1499.10 1499.10 1499.11 1499.11 1499.11 1499.11 1499.12 1499.12 1499.12 1499.13 1499.13 1499.14 1499.14 1499.14 1499.15 1499.16 1499.16 1499.17 1499.17 1499.18 1499.18 1499.19 1499.19 1499.20 1499.20 1499.21 1499.21 1499.22 1499.22 1499.22 1499.23 1499.23 1499.23 1499.23 1499.24 1499.24 1499.24 1499.24 1499.24 0.00 
0.00 0.00 1499.13 1499.13 1499.13 1499.13 1499.13 1499.14 1499.14 1499.14 1499.14 1499.15 1499.15 1499.15 1499.16 1499.16 1499.17 1499.17 1499.18 1499.18 1499.19 1499.19 1499.20 1499.20 1499.21 1499.22 1499.22 1499.23 1499.23 1499.24 1499.24 1499.24 1499.25 1499.25 1499.26 1499.26 1499.26 1499.26 1499.27 1499.27 1499.27 1499.27 1499.27 0.00 
0.00 0.00 1499.16 1499.16 1499.16 1499.16 1499.16 1499.16 1499.17 1499.17 1499.17 1499.18 1499.18 1499.18 1499.19 1499.19 1499.20 1499.20 1499.21 1499.21 1499.22 1499.22 1499.23 1499.23 1499.24 1499.24 1499.25 1499.25 1499.26 1499.26 1499.27 1499.27 1499.28 1499.28 1499.28 1499.29 1499.29 1499.29 1499.29 1499.30 1499.30 1499.30 1499.30 0.00 
0.00 0.00 1499.19 1499.19 1499.19 1499.19 1499.19 1499.19 1499.20 1499.20 1499.20 1499.20 1499.21 1499.21 1499.22 1499.22 1499.23 1499.23 1499.24 1499.24 1499.25 1499.25 1499.26 1499.26 1499.27 1499.27 1499.28 1499.28 1499.29 1499.29 1499.30 1499.30 1499.31 1499.31 1499.31 1499.32 1499.32 1499.32 1499.32 1499.32 1499.33 1499.33 1499.33 0.00 
0.00 0.00 1499.22 1499.22 1499.22 1499.22 1499.22 1499.22 1499.22 1499.23 1499.23 1499.23 1499.24 1499.24 1499.25 1499.25 1499.25 1499.26 1499.26 1499.27 1499.28 1499.28 1499.29 1499.29 1499.30 1499.30 1499.31 1499.31 1499.32 1499.32 1499.33 1499.33 1499.33 1499.34 1499.34 1499.34 1499.35 1499.35 1499.35 1499.35 1499.35 1499.36 1499.36 0.00 
0.00 0.00 1499.25 1499.25 1499.25 1499.25 1499.25 1499.25 1499.25 1499.26 1499.26 1499.26 1499.27 1499.27 1499.27 1499.28 1499.28 1499.29 1499.29 1499.30 1499.30 1499.31 1499.31 1499.32 1499.33 1499.33 1499.34 1499.34 1499.35 1499.35 1499.36 1499.36 1499.36 1499.37 1499.37 1499.37 1499.38 1499.38 1499.38 1499.38 1499.38 1499.38 1499.38 0.00 
0.00 0.00 1499.27 1499.27 1499.28 1499.28 1499.28 1499.28 1499.28 1499.29 1499.29 1499.29 1499.30 1499.30 1499.30 1499.31 1499.31 1499.32 1499.32 1499.33 1499.33 1499.34 1499.34 1499.35 1499.35 1499.36 1499.36 1499.37 1499.37 1499.38 1499.38 1499.39 1499.39 1499.40 1499.40 1499.40 1499.41 1499.41 1499.41 1499.41 1499.41 1499.41 1499.41 0.00 
0.00 0.00 1499.30 1499.30 1499.30 1499.31 1499.31 1499.31 1499.31 1499.31 1499.32 1499.32 1499.32 1499.33 1499.33 1499.34 1499.34 1499.35 1499.35 1499.36 1499.36 1499.37 1499.37 1499.38 1499.38 1499.39 1499.39 1499.40 1499.40 1499.41 1499.41 1499.42 1499.42 1499.42 1499.43 1499.43 1499.43 1499.44 1499.44 1499.44 1499.44 1499.44 1499.44 0.00 
0.00 0.00 1499.33 1499.33 1499.33 1499.33 1499.34 1499.34 1499.34 1499.34 1499.35 1499.35 1499.35 1499.36 1499.36 1499.37 1499.37 1499.37 1499.38 1499.39 1499.39 1499.40 1499.40 1499.41 1499.41 1499.42 1499.42 1499.43 1499.43 1499.44 1499.44 1499.45 1499.45 1499.45 1499.46 1499.46 1499.46 1499.46 1499.47 1499.47 1499.47 1499.47 1499.47 0.00 
0.00 0.00 1499.36 1499.36 1499.36 1499.36 1499.36 1499.37 1499.37 1499.37 1499.37 1499.38 1499.38 1499.38 1499.39 1499.39 1499.40 1499.40 1499.41 1499.41 1499.42 1499.42 1499.43 1499.43 1499.44 1499.45 1499.45 1499.46 1499.46 1499.46 1499.47 1499.47 1499.48 1499.48 1499.48 1499.49 1499.49 1499.49 1499.50 1499.50 1499.50 1499.50 1499.50 0.00 
0.00 0.00 1499.39 1499.39 1499.39 1499.39 1499.39 1499.39 1499.40 1499.40 1499.40 1499.40 1499.41 1499.41 1499.42 1499.42 1499.43 1499.43 1499.44 1499.44 1499.45 1499.45 1499.46 1499.46 1499.47 1499.47 1499.48 1499.48 1499.49 1499.49 1499.50 1499.50 1499.51 1499.51 1499.51 1499.52 1499.52 1499.52 1499.52 1499.52 1499.53 1499.53 1499.53 0.00 
0.00 0.00 1499.41 1499.41 1499.42 1499.42 1499.42 1499.42 1499.42 1499.43 1499.43 1499.43 1499.44 1499.44 1499.44 1499.45 1499.45 1499.46 1499.46 1499.47 1499.47 1499.48 1499.48 1499.49 1499.49 1499.50 1499.51 1499.51 1499.52 1499.52 1499.52 1499.53 1499.53 1499.54 1499.54 1499.54 1499.55 1499.55 1499.55 1499.55 1499.55 1499.55 1499.55 0.00 
0.00 0.00 1499.44 1499.44 1499.44 1499.44 1499.45 1499.45 1499.45 1499.45 1499.46 1499.46 1499.46 1499.47 1499.47 1499.48 1499.48 1499.48 1499.49 1499.50 1499.50 1499.51 1499.51 1499.52 1499.52 1499.53 1499.53 1499.54 1499.54 1499.55 1499.55 1499.56 1499.56 1499.56 1499.57 1499.57 1499.57 1499.57 1499.58 1499.58 1499.58 1499.58 1499.58 0.00 
0.00 0.00 1499.47 1499.47 1499.47 1499.47 1499.47 1499.47 1499.48 1499.48 1499.48 1499.49 1499.49 1499.49 1499.50 1499.50 1499.51 1499.51 1499.52 1499.52 1499.53 1499.53 1499.54 1499.54 1499.55 1499.55 1499.56 1499.56 1499.57 1499.57 1499.58 1499.58 1499.59 1499.59 1499.59 1499.60 1499.60 1499.60 1499.60 1499.60 1499.61 1499.61 1499.61 0.00 
0.00 0.00 1499.49 1499.49 1499.49 1499.50 1499.50 1499.50 1499.50 1499.50 1499.51 1499.51 1499.51 1499.52 1499.52 1499.53 1499.53 1499.54 1499.54 1499.55 1499.55 1499.56 1499.56 1499.57 1499.57 1499.58 1499.58 1499.59 1499.59 1499.60 1499.60 1499.61 1499.61 1499.62 1499.62 1499.62 1499.62 1499.63 1499.63 1499.63 1499.63 1499.63 1499.63 0.00 
0.00 0.00 1499.52 1499.52 1499.52 1499.52 1499.52 1499.52 1499.53 1499.53 1499.53 1499.54 1499.54 1499.54 1499.55 1499.55 1499.56 1499.56 1499.57 1499.57 1499.58 1499.58 1499.59 1499.59 1499.60 1499.60 1499.61 1499.61 1499.62 1499.62 1499.63 1499.63 1499.64 1499.64 1499.64 1499.65 1499.65 1499.65 1499.65 1499.66 1499.66 1499.66 1499.66 0.00 
0.00 0.00 1499.54 1499.54 1499.54 1499.54 1499.55 1499.55 1499.55 1499.55 1499.56 1499.56 1499.56 1499.57 1499.57 1499.58 1499.58 1499.59 1499.59 1499.60 1499.60 1499.61 1499.61 1499.62 1499.62 1499.63 1499.63 1499.64 1499.64 1499.65 1499.65 1499.66 1499.66 1499.66 1499.67 1499.67 1499.67 1499.68 1499.68 1499.68 1499.68 1499.68 1499.68 0.00 
0.00 0.00 1499.56 1499.57 1499.57 1499.57 1499.57 1499.57 1499.57 1499.58 1499.58 1499.58 1499.59 1499.59 1499.59 1499.60 1499.60 1499.61 1499.61 1499.62 1499.62 1499.63 1499.63 1499.64 1499.65 1499.65 1499.66 1499.66 1499.67 1499.67 1499.68 1499.68 1499.68 1499.69 1499.69 1499.69 1499.70 1499.70 1499.70 1499.70 1499.70 1499.70 1499.70 0.00 
0.00 0.00 1499.59 1499.59 1499.59 1499.59 1499.59 1499.59 1499.60 1499.60 1499.60 1499.60 1499.61 1499.61 1499.62 1499.62 1499.63 1499.63 1499.64 1499.64 1499.65 1499.65 1499.66 1499.66 1499.67 1499.67 1499.68 1499.68 1499.69 1499.69 1499.70 1499.70 1499.71 1499.71 1499.71 1499.72 1499.72 1499.72 1499.72 1499.72 1499.73 1499.73 1499.73 0.00 
0.00 0.00 1499.61 1499.61 1499.61 1499.61 1499.61 1499.61 1499.62 1499.62 1499.62 1499.63 1499.63 1499.63 1499.64 1499.64 1499.65 1499.65 1499.66 1499.66 1499.67 1499.67 1499.68 1499.68 1499.69 1499.69 1499.70 1499.70 1499.71 1499.71 1499.72 1499.72 1499.73 1499.73 1499.73 1499.74 1499.74 1499.74 1499.74 1499.75 1499.75 1499.75 1499.75 0.00 
0.00 0.00 1499.63 1499.63 1499.63 1499.63 1499.63 1499.63 1499.64 1499.64 1499.64 1499.65 1499.65 1499.65 1499.66 1499.66 1499.67 1499.67 1499.68 1499.68 1499.69 1499.69 1499.70 1499.70 1499.71 1499.71 1499.72 1499.72 1499.73 1499.73 1499.74 1499.74 1499.75 1499.75 1499.75 1499.76 1499.76 1499.76 1499.76 1499.77 1499.77 1499.77 1499.77 0.00 
0.00 0.00 1499.65 1499.65 1499.65 1499.65 1499.65 1499.65 1499.66 1499.66 1499.66 1499.67 1499.67 1499.67 1499.68 1499.68 1499.69 1499.69 1499.70 1499.70 1499.71 1499.71 1499.72 1499.72 1499.73 1499.73 1499.74 1499.74 1499.75 1499.75 1499.76 1499.76 1499.77 1499.77 1499.77 1499.78 1499.78 1499.78 1499.78 1499.79 1499.79 1499.79 1499.79 0.00 
0.00 0.00 1499.67 1499.67 1499.67 1499.67 1499.67 1499.67 1499.67 1499.68 1499.68 1499.68 1499.69 1499.69 1499.70 1499.70 1499.70 1499.71 1499.71 1499.72 1499.72 1499.73 1499.74 1499.74 1499.75 1499.75 1499.76 1499.76 1499.77 1499.77 1499.78 1499.78 1499.78 1499.79 1499.79 1499.79 1499.80 1499.80 1499.80 1499.80 1499.80 1499.81 1499.81 0.00 
0.00 0.00 1499.68 1499.68 1499.68 1499.68 1499.69 1499.69 1499.69 1499.69 1499.70 1499.70 1499.70 1499.71 1499.71 1499.72 1499.72 1499.73 1499.73 1499.74 1499.74 1499.75 1499.75 1499.76 1499.76 1499.77 1499.77 1499.78 1499.78 1499.79 1499.79 1499.80 1499.80 1499.80 1499.81 1499.81 1499.81 1499.82 1499.82 1499.82 1499.82 1499.82 1499.82 0.00 
0.00 0.00 1499.70 1499.70 1499.70 1499.70 1499.70 1499.70 1499.71 1499.71 1499.71 1499.72 1499.72 1499.72 1499.73 1499.73 1499.74 1499.74 1499.75 1499.75 1499.76 1499.76 1499.77 1499.77 1499.78 1499.78 1499.79 1499.79 1499.80 1499.80 1499.81 1499.81 1499.82 1499.82 1499.82 1499.83 1499.83 1499.83 1499.83 1499.84 1499.84 1499.84 1499.84 0.00 
0.00 0.00 1499.71 1499.71 1499.71 1499.71 1499.72 1499.72 1499.72 1499.72 1499.73 1499.73 1499.73 1499.74 1499.74 1499.75 1499.75 1499.76 1499.76 1499.77 1499.77 1499.78 1499.78 1499.79 1499.79 1499.80 1499.80 1499.81 1499.81 1499.82 1499.82 1499.83 1499.83 1499.83 1499.84 1499.84 1499.84 1499.85 1499.85 1499.85 1499.85 1499.85 1499.85 0.00 
0.00 0.00 1499.73 1499.73 1499.73 1499.73 1499.73 1499.73 1499.73 1499.74 1499.74 1499.74 1499.75 1499.75 1499.75 1499.76 1499.76 1499.77 1499.77 1499.78 1499.78 1499.79 1499.80 1499.80 1499.81 1499.81 1499.82 1499.82 1499.83 1499.83 1499.84 1499.84 1499.84 1499.85 1499.85 1499.85 1499.86 1499.86 1499.86 1499.86 1499.86 1499.86 1499.87 0.00 
0.00 0.00 1499.74 1499.74 1499.74 1499.74 1499.74 1499.74 1499.75 1499.75 1499.75 1499.75 1499.76 1499.76 1499.77 1499.77 1499.78 1499.78 1499.79 1499.79 1499.80 1499.80 1499.81 1499.81 1499.82 1499.82 1499.83 1499.83 1499.84 1499.84 1499.85 1499.85 1499.86 1499.86 1499.86 1499.87 1499.87 1499.87 1499.87 1499.87 1499.88 1499.88 1499.88 0.00 
0.00 0.00 1499.75 1499.75 1499.75 1499.75 1499.75 1499.75 1499.76 1499.76 1499.76 1499.76 1499.77 1499.77 1499.78 1499.78 1499.79 1499.79 1499.80 1499.80 1499.81 1499.81 1499.82 1499.82 1499.83 1499.83 1499.84 1499.84 1499.85 1499.85 1499.86 1499.86 1499.87 1499.87 1499.87 1499.88 1499.88 1499.88 1499.88 1499.88 1499.89 1499.89 1499.89 0.00 
0.00 0.00 1499.76 1499.76 1499.76 1499.76 1499.76 1499.76 1499.76 1499.77 1499.77 1499.77 1499.78 1499.78 1499.79 1499.79 1499.79 1499.80 1499.80 1499.81 1499.82 1499.82 1499.83 1499.83 1499.84 1499.84 1499.85 1499.85 1499.86 1499.86 1499.87 1499.87 1499.87 1499.88 1499.88 1499.88 1499.89 1499.89 1499.89 1499.89 1499.89 1499.90 1499.90 0.00 
0.00 0.00 1499.76 1499.76 1499.76 1499.77 1499.77 1499.77 1499.77 1499.77 1499.78 1499.78 1499.78 1499.79 1499.79 1499.80 1499.80 1499.81 1499.81 1499.82 1499.82 1499.83 1499.83 1499.84 1499.84 1499.85 1499.85 1499.86 1499.86 1499.87 1499.87 1499.88 1499.88 1499.89 1499.89 1499.89 1499.89 1499.90 1499.90 1499.90 1499.90 1499.90 1499.90 0.00 
0.00 0.00 1499.77 1499.77 1499.77 1499.77 1499.77 1499.78 1499.78 1499.78 1499.78 1499.79 1499.79 1499.79 1499.80 1499.80 1499.81 1499.81 1499.82 1499.82 1499.83 1499.83 1499.84 1499.84 1499.85 1499.85 1499.86 1499.87 1499.87 1499.87 1499.88 1499.88 1499.89 1499.89 1499.89 1499.90 1499.90 1499.90 1499.90 1499.91 1499.91 1499.91 1499.91 0.00 
0.00 0.00 1499.77 1499.77 1499.77 1499.78 1499.78 1499.78 1499.78 1499.78 1499.79 1499.79 1499.79 1499.80 1499.80 1499.81 1499.81 1499.82 1499.82 1499.83 1499.83 1499.84 1499.84 1499.85 1499.85 1499.86 1499.86 1499.87 1499.87 1499.88 1499.88 1499.89 1499.89 1499.90 1499.90 1499.90 1499.90 1499.91 1499.91 1499.91 1499.91 1499.91 1499.91 0.00 
0.00 0.00 1499.78 1499.78 1499.78 1499.78 1499.78 1499.78 1499.78 1499.79 1499.79 1499.79 1499.80 1499.80 1499.81 1499.81 1499.82 1499.82 1499.83 1499.83 1499.84 1499.84 1499.85 1499.85 1499.86 1499.86 1499.87 1499.87 1499.88 1499.88 1499.89 1499.89 1499.90 1499.90 1499.90 1499.91 1499.91 1499.91 1499.91 1499.91 1499.92 1499.92 1499.92 0.00 
0.00 0.00 1499.78 1499.78 1499.78 1499.78 1499.78 1499.78 1499.79 1499.79 1499.79 1499.80 1499.80 1499.80 1499.81 1499.81 1499.82 1499.82 1499.83 1499.83 1499.84 1499.84 1499.85 1499.85 1499.86 1499.86 1499.87 1499.87 1499.88 1499.88 1499.89 1499.89 1499.90 1499.90 1499.90 1499.91 1499.91 1499.91 1499.91 1499.92 1499.92 1499.92 1499.92 0.00 
0.00 0.00 0.00 0.00 0.00 0.00 0.00 0.00 0.00 0.00 0.00 0.00 0.00 0.00 0.00 0.00 0.00 0.00 0.00 0.00 0.00 0.00 0.00 0.00 0.00 0.00 0.00 0.00 0.00 0.00 0.00 0.00 0.00 0.00 0.00 0.00 0.00 0.00 0.00 0.00 0.00 0.00 0.00 0.00 
