3.75	0	0	0
3.75	0	0.15	0
3.75	0	0.3	0
3.75	0	0.45	0
3.75	0	0.6	0
3.75	0	0.75	0
3.75	0	0.9	0
3.75	0	1.05	0
3.75	0	1.2	0
3.75	0	1.35	0
3.75	0	1.5	0
3.75	0	1.65	0
3.75	0	1.8	0
3.75	0	1.95	0
3.75	0	2.1	0
3.75	0	2.25	0
3.75	0	2.4	0
3.75	0	2.55	0
3.75	0	2.7	0
3.75	0	2.85	0
3.75	0	3	0
3.75	0	3.15	0
3.75	0	3.3	0
3.75	0	3.45	0
3.75	0	3.6	0
3.75	0	3.75	0
3.75	0	3.9	0
3.75	0	4.05	0
3.75	0	4.2	0
3.75	0	4.35	0
3.75	0	4.5	0
3.75	0	4.65	0
3.75	0	4.8	0
3.75	0	4.95	0
3.75	0	5.1	0
3.75	0	5.25	0
3.75	0	5.4	0
3.75	0	5.55	0
3.75	0	5.7	0
3.75	0	5.85	0
3.75	0	6	0
3.75	0	6.15	0
3.75	0	6.3	0
3.75	0	6.45	0
3.75	0	6.6	0
3.75	0	6.75	0
3.75	0	6.9	0
3.75	0	7.05	0
3.75	0	7.2	0
3.75	0	7.35	0
3.75	0	7.5	0
3.75	0	7.65	0
3.75	0	7.8	0
3.75	0	7.95	0
3.75	0	8.1	0
3.75	0	8.25	0
3.75	0	8.4	0
3.75	0	8.55	0
3.75	0	8.7	0
3.75	0	8.85	0
3.75	0	9	0
3.75	0	9.15	0
3.75	0	9.3	0
3.75	0	9.45	0
3.75	0	9.6	0
3.75	0	9.75	0
3.75	0	9.9	0
3.75	0	10.05	0
3.75	0	10.2	0
3.75	0	10.35	0
3.75	0	10.5	0
3.75	0	10.65	0
3.75	0	10.8	0
3.75	0	10.95	0
3.75	0	11.1	0
3.75	0	11.25	0
3.75	0	11.4	0
3.75	0	11.55	0
3.75	0.15	0	0
3.75	0.15	0.15	0
3.75	0.15	0.3	0
3.75	0.15	0.45	0
3.75	0.15	0.6	0
3.75	0.15	0.75	0
3.75	0.15	0.9	0
3.75	0.15	1.05	0
3.75	0.15	1.2	0
3.75	0.15	1.35	0
3.75	0.15	1.5	0
3.75	0.15	1.65	0
3.75	0.15	1.8	0
3.75	0.15	1.95	0
3.75	0.15	2.1	0
3.75	0.15	2.25	0
3.75	0.15	2.4	0
3.75	0.15	2.55	0
3.75	0.15	2.7	0
3.75	0.15	2.85	0
3.75	0.15	3	0
3.75	0.15	3.15	0
3.75	0.15	3.3	0
3.75	0.15	3.45	0
3.75	0.15	3.6	0
3.75	0.15	3.75	0
3.75	0.15	3.9	0
3.75	0.15	4.05	0
3.75	0.15	4.2	0
3.75	0.15	4.35	0
3.75	0.15	4.5	0
3.75	0.15	4.65	0
3.75	0.15	4.8	0
3.75	0.15	4.95	0
3.75	0.15	5.1	0
3.75	0.15	5.25	0
3.75	0.15	5.4	0
3.75	0.15	5.55	0
3.75	0.15	5.7	0
3.75	0.15	5.85	0
3.75	0.15	6	0
3.75	0.15	6.15	0
3.75	0.15	6.3	0
3.75	0.15	6.45	0
3.75	0.15	6.6	0
3.75	0.15	6.75	0
3.75	0.15	6.9	0
3.75	0.15	7.05	0
3.75	0.15	7.2	0
3.75	0.15	7.35	0
3.75	0.15	7.5	0
3.75	0.15	7.65	0
3.75	0.15	7.8	0
3.75	0.15	7.95	0
3.75	0.15	8.1	0
3.75	0.15	8.25	0
3.75	0.15	8.4	0
3.75	0.15	8.55	0
3.75	0.15	8.7	0
3.75	0.15	8.85	0
3.75	0.15	9	0
3.75	0.15	9.15	0
3.75	0.15	9.3	0
3.75	0.15	9.45	0
3.75	0.15	9.6	0
3.75	0.15	9.75	0
3.75	0.15	9.9	0
3.75	0.15	10.05	0
3.75	0.15	10.2	0
3.75	0.15	10.35	0
3.75	0.15	10.5	0
3.75	0.15	10.65	0
3.75	0.15	10.8	0
3.75	0.15	10.95	0
3.75	0.15	11.1	0
3.75	0.15	11.25	0
3.75	0.15	11.4	0
3.75	0.15	11.55	0
3.75	0.3	0	0
3.75	0.3	0.15	0
3.75	0.3	0.3	0
3.75	0.3	0.45	0
3.75	0.3	0.6	0
3.75	0.3	0.75	0
3.75	0.3	0.9	0
3.75	0.3	1.05	0
3.75	0.3	1.2	0
3.75	0.3	1.35	0
3.75	0.3	1.5	0
3.75	0.3	1.65	0
3.75	0.3	1.8	0
3.75	0.3	1.95	0
3.75	0.3	2.1	0
3.75	0.3	2.25	0
3.75	0.3	2.4	0
3.75	0.3	2.55	0
3.75	0.3	2.7	0
3.75	0.3	2.85	0
3.75	0.3	3	0
3.75	0.3	3.15	0
3.75	0.3	3.3	1374.24
3.75	0.3	3.45	1388.06
3.75	0.3	3.6	1394.38
3.75	0.3	3.75	1403.11
3.75	0.3	3.9	1412.43
3.75	0.3	4.05	1420.84
3.75	0.3	4.2	1420.75
3.75	0.3	4.35	1425.31
3.75	0.3	4.5	1427
3.75	0.3	4.65	1425.32
3.75	0.3	4.8	1428.16
3.75	0.3	4.95	1432.78
3.75	0.3	5.1	1435.64
3.75	0.3	5.25	1438.41
3.75	0.3	5.4	1446.48
3.75	0.3	5.55	1449.88
3.75	0.3	5.7	1453.89
3.75	0.3	5.85	1457.27
3.75	0.3	6	1458.34
3.75	0.3	6.15	1457.67
3.75	0.3	6.3	1457.06
3.75	0.3	6.45	1452.89
3.75	0.3	6.6	1451.19
3.75	0.3	6.75	1449.94
3.75	0.3	6.9	1447.52
3.75	0.3	7.05	1443.96
3.75	0.3	7.2	1444.99
3.75	0.3	7.35	1443.73
3.75	0.3	7.5	1439.04
3.75	0.3	7.65	1439.01
3.75	0.3	7.8	1431
3.75	0.3	7.95	1421.03
3.75	0.3	8.1	1413.35
3.75	0.3	8.25	1407.47
3.75	0.3	8.4	1393.6
3.75	0.3	8.55	0
3.75	0.3	8.7	0
3.75	0.3	8.85	0
3.75	0.3	9	0
3.75	0.3	9.15	0
3.75	0.3	9.3	0
3.75	0.3	9.45	0
3.75	0.3	9.6	0
3.75	0.3	9.75	0
3.75	0.3	9.9	0
3.75	0.3	10.05	0
3.75	0.3	10.2	0
3.75	0.3	10.35	0
3.75	0.3	10.5	0
3.75	0.3	10.65	0
3.75	0.3	10.8	0
3.75	0.3	10.95	0
3.75	0.3	11.1	0
3.75	0.3	11.25	0
3.75	0.3	11.4	0
3.75	0.3	11.55	0
3.75	0.45	0	0
3.75	0.45	0.15	0
3.75	0.45	0.3	0
3.75	0.45	0.45	0
3.75	0.45	0.6	0
3.75	0.45	0.75	0
3.75	0.45	0.9	0
3.75	0.45	1.05	0
3.75	0.45	1.2	0
3.75	0.45	1.35	0
3.75	0.45	1.5	0
3.75	0.45	1.65	0
3.75	0.45	1.8	0
3.75	0.45	1.95	0
3.75	0.45	2.1	0
3.75	0.45	2.25	0
3.75	0.45	2.4	0
3.75	0.45	2.55	0
3.75	0.45	2.7	1296.28
3.75	0.45	2.85	1307.23
3.75	0.45	3	1317.62
3.75	0.45	3.15	1325.59
3.75	0.45	3.3	1333.78
3.75	0.45	3.45	1344.71
3.75	0.45	3.6	1348.18
3.75	0.45	3.75	1356.24
3.75	0.45	3.9	1365.53
3.75	0.45	4.05	1370.87
3.75	0.45	4.2	1371.44
3.75	0.45	4.35	1374.17
3.75	0.45	4.5	1375.89
3.75	0.45	4.65	1375.32
3.75	0.45	4.8	1372.48
3.75	0.45	4.95	1374.18
3.75	0.45	5.1	1376.56
3.75	0.45	5.25	1379.27
3.75	0.45	5.4	1384.51
3.75	0.45	5.55	1387.91
3.75	0.45	5.7	1391.85
3.75	0.45	5.85	1397.55
3.75	0.45	6	1395.75
3.75	0.45	6.15	1394.59
3.75	0.45	6.3	1394.53
3.75	0.45	6.45	1391.48
3.75	0.45	6.6	1390.39
3.75	0.45	6.75	1390.76
3.75	0.45	6.9	1388.34
3.75	0.45	7.05	1390.51
3.75	0.45	7.2	1390.36
3.75	0.45	7.35	1387.92
3.75	0.45	7.5	1383.89
3.75	0.45	7.65	1384.33
3.75	0.45	7.8	1379.41
3.75	0.45	7.95	1370.05
3.75	0.45	8.1	1361.3
3.75	0.45	8.25	1359.46
3.75	0.45	8.4	1347.85
3.75	0.45	8.55	1341.33
3.75	0.45	8.7	1334.38
3.75	0.45	8.85	1322.3
3.75	0.45	9	1311.86
3.75	0.45	9.15	0
3.75	0.45	9.3	0
3.75	0.45	9.45	0
3.75	0.45	9.6	0
3.75	0.45	9.75	0
3.75	0.45	9.9	0
3.75	0.45	10.05	0
3.75	0.45	10.2	0
3.75	0.45	10.35	0
3.75	0.45	10.5	0
3.75	0.45	10.65	0
3.75	0.45	10.8	0
3.75	0.45	10.95	0
3.75	0.45	11.1	0
3.75	0.45	11.25	0
3.75	0.45	11.4	0
3.75	0.45	11.55	0
3.75	0.6	0	0
3.75	0.6	0.15	0
3.75	0.6	0.3	0
3.75	0.6	0.45	0
3.75	0.6	0.6	0
3.75	0.6	0.75	0
3.75	0.6	0.9	0
3.75	0.6	1.05	0
3.75	0.6	1.2	0
3.75	0.6	1.35	0
3.75	0.6	1.5	0
3.75	0.6	1.65	0
3.75	0.6	1.8	0
3.75	0.6	1.95	0
3.75	0.6	2.1	0
3.75	0.6	2.25	1325.13
3.75	0.6	2.4	1346.27
3.75	0.6	2.55	1365.83
3.75	0.6	2.7	1372.94
3.75	0.6	2.85	1378.72
3.75	0.6	3	1382.63
3.75	0.6	3.15	1388.84
3.75	0.6	3.3	1390.12
3.75	0.6	3.45	1396.65
3.75	0.6	3.6	1400.17
3.75	0.6	3.75	1407.07
3.75	0.6	3.9	1416.18
3.75	0.6	4.05	1419.38
3.75	0.6	4.2	1420.53
3.75	0.6	4.35	1419.87
3.75	0.6	4.5	1422.74
3.75	0.6	4.65	1419.86
3.75	0.6	4.8	1417
3.75	0.6	4.95	1411.8
3.75	0.6	5.1	1412.46
3.75	0.6	5.25	1414.1
3.75	0.6	5.4	1417.52
3.75	0.6	5.55	1418.65
3.75	0.6	5.7	1424.9
3.75	0.6	5.85	1428.19
3.75	0.6	6	1428.24
3.75	0.6	6.15	1425.88
3.75	0.6	6.3	1426.39
3.75	0.6	6.45	1425.17
3.75	0.6	6.6	1424.58
3.75	0.6	6.75	1423.77
3.75	0.6	6.9	1428.78
3.75	0.6	7.05	1430.92
3.75	0.6	7.2	1432.53
3.75	0.6	7.35	1428.95
3.75	0.6	7.5	1430.03
3.75	0.6	7.65	1428.17
3.75	0.6	7.8	1424.82
3.75	0.6	7.95	1415
3.75	0.6	8.1	1409.75
3.75	0.6	8.25	1404.96
3.75	0.6	8.4	1398.96
3.75	0.6	8.55	1398.18
3.75	0.6	8.7	1393.61
3.75	0.6	8.85	1387.97
3.75	0.6	9	1382.12
3.75	0.6	9.15	1375.57
3.75	0.6	9.3	1357.13
3.75	0.6	9.45	1337.16
3.75	0.6	9.6	0
3.75	0.6	9.75	0
3.75	0.6	9.9	0
3.75	0.6	10.05	0
3.75	0.6	10.2	0
3.75	0.6	10.35	0
3.75	0.6	10.5	0
3.75	0.6	10.65	0
3.75	0.6	10.8	0
3.75	0.6	10.95	0
3.75	0.6	11.1	0
3.75	0.6	11.25	0
3.75	0.6	11.4	0
3.75	0.6	11.55	0
3.75	0.75	0	0
3.75	0.75	0.15	0
3.75	0.75	0.3	0
3.75	0.75	0.45	0
3.75	0.75	0.6	0
3.75	0.75	0.75	0
3.75	0.75	0.9	0
3.75	0.75	1.05	0
3.75	0.75	1.2	0
3.75	0.75	1.35	0
3.75	0.75	1.5	0
3.75	0.75	1.65	0
3.75	0.75	1.8	0
3.75	0.75	1.95	0
3.75	0.75	2.1	1362.83
3.75	0.75	2.25	1390.05
3.75	0.75	2.4	1412.45
3.75	0.75	2.55	1432.54
3.75	0.75	2.7	1444.68
3.75	0.75	2.85	1459.15
3.75	0.75	3	1465.42
3.75	0.75	3.15	1472.09
3.75	0.75	3.3	1476.77
3.75	0.75	3.45	1482.01
3.75	0.75	3.6	1478.07
3.75	0.75	3.75	1479.41
3.75	0.75	3.9	1490.83
3.75	0.75	4.05	1490.66
3.75	0.75	4.2	1489.37
3.75	0.75	4.35	1486.61
3.75	0.75	4.5	1484.19
3.75	0.75	4.65	1483.62
3.75	0.75	4.8	1479.08
3.75	0.75	4.95	1471.02
3.75	0.75	5.1	1464.69
3.75	0.75	5.25	1465.24
3.75	0.75	5.4	1466.36
3.75	0.75	5.55	1466.96
3.75	0.75	5.7	1470.29
3.75	0.75	5.85	1475.34
3.75	0.75	6	1473.07
3.75	0.75	6.15	1471.94
3.75	0.75	6.3	1474.11
3.75	0.75	6.45	1474.03
3.75	0.75	6.6	1474.46
3.75	0.75	6.75	1479.46
3.75	0.75	6.9	1486.19
3.75	0.75	7.05	1490.02
3.75	0.75	7.2	1488.73
3.75	0.75	7.35	1490.4
3.75	0.75	7.5	1493.01
3.75	0.75	7.65	1492.99
3.75	0.75	7.8	1492.41
3.75	0.75	7.95	1483.22
3.75	0.75	8.1	1480.07
3.75	0.75	8.25	1483.93
3.75	0.75	8.4	1478.62
3.75	0.75	8.55	1474.47
3.75	0.75	8.7	1468.25
3.75	0.75	8.85	1461.98
3.75	0.75	9	1448.04
3.75	0.75	9.15	1437.04
3.75	0.75	9.3	1418.65
3.75	0.75	9.45	1398.54
3.75	0.75	9.6	1370.76
3.75	0.75	9.75	0
3.75	0.75	9.9	0
3.75	0.75	10.05	0
3.75	0.75	10.2	0
3.75	0.75	10.35	0
3.75	0.75	10.5	0
3.75	0.75	10.65	0
3.75	0.75	10.8	0
3.75	0.75	10.95	0
3.75	0.75	11.1	0
3.75	0.75	11.25	0
3.75	0.75	11.4	0
3.75	0.75	11.55	0
3.75	0.9	0	0
3.75	0.9	0.15	0
3.75	0.9	0.3	0
3.75	0.9	0.45	0
3.75	0.9	0.6	0
3.75	0.9	0.75	0
3.75	0.9	0.9	0
3.75	0.9	1.05	0
3.75	0.9	1.2	0
3.75	0.9	1.35	0
3.75	0.9	1.5	0
3.75	0.9	1.65	0
3.75	0.9	1.8	1388.52
3.75	0.9	1.95	1412.44
3.75	0.9	2.1	1432.28
3.75	0.9	2.25	1458.24
3.75	0.9	2.4	1482.2
3.75	0.9	2.55	1509.13
3.75	0.9	2.7	1528.73
3.75	0.9	2.85	1552.86
3.75	0.9	3	1568.88
3.75	0.9	3.15	1578.01
3.75	0.9	3.3	1582.02
3.75	0.9	3.45	1590.7
3.75	0.9	3.6	1592.55
3.75	0.9	3.75	1587.46
3.75	0.9	3.9	1589.66
3.75	0.9	4.05	1586.14
3.75	0.9	4.2	1581.02
3.75	0.9	4.35	1578.12
3.75	0.9	4.5	1568.39
3.75	0.9	4.65	1563.19
3.75	0.9	4.8	1556.81
3.75	0.9	4.95	1550.59
3.75	0.9	5.1	1536.19
3.75	0.9	5.25	1532.1
3.75	0.9	5.4	1532.13
3.75	0.9	5.55	1528.04
3.75	0.9	5.7	1530.78
3.75	0.9	5.85	1535.37
3.75	0.9	6	1533
3.75	0.9	6.15	1531.89
3.75	0.9	6.3	1537.01
3.75	0.9	6.45	1537.42
3.75	0.9	6.6	1540.73
3.75	0.9	6.75	1552.07
3.75	0.9	6.9	1558.69
3.75	0.9	7.05	1563.75
3.75	0.9	7.2	1566.47
3.75	0.9	7.35	1574.27
3.75	0.9	7.5	1577.59
3.75	0.9	7.65	1581.42
3.75	0.9	7.8	1583.08
3.75	0.9	7.95	1581.97
3.75	0.9	8.1	1585.78
3.75	0.9	8.25	1584.45
3.75	0.9	8.4	1575.72
3.75	0.9	8.55	1572.23
3.75	0.9	8.7	1565.29
3.75	0.9	8.85	1549.86
3.75	0.9	9	1527.99
3.75	0.9	9.15	1509.55
3.75	0.9	9.3	1484.3
3.75	0.9	9.45	1462.64
3.75	0.9	9.6	1436.09
3.75	0.9	9.75	1417.97
3.75	0.9	9.9	1394.1
3.75	0.9	10.05	0
3.75	0.9	10.2	0
3.75	0.9	10.35	0
3.75	0.9	10.5	0
3.75	0.9	10.65	0
3.75	0.9	10.8	0
3.75	0.9	10.95	0
3.75	0.9	11.1	0
3.75	0.9	11.25	0
3.75	0.9	11.4	0
3.75	0.9	11.55	0
3.75	1.05	0	0
3.75	1.05	0.15	0
3.75	1.05	0.3	0
3.75	1.05	0.45	0
3.75	1.05	0.6	0
3.75	1.05	0.75	0
3.75	1.05	0.9	0
3.75	1.05	1.05	0
3.75	1.05	1.2	0
3.75	1.05	1.35	0
3.75	1.05	1.5	0
3.75	1.05	1.65	1443.25
3.75	1.05	1.8	1461.99
3.75	1.05	1.95	1485.32
3.75	1.05	2.1	1498.08
3.75	1.05	2.25	1526.63
3.75	1.05	2.4	1553.96
3.75	1.05	2.55	1586.67
3.75	1.05	2.7	1611.38
3.75	1.05	2.85	1640.08
3.75	1.05	3	1665.22
3.75	1.05	3.15	1687.34
3.75	1.05	3.3	1704.7
3.75	1.05	3.45	1718.89
3.75	1.05	3.6	1724.33
3.75	1.05	3.75	1725.86
3.75	1.05	3.9	1734.43
3.75	1.05	4.05	1721.57
3.75	1.05	4.2	1711.61
3.75	1.05	4.35	1699.77
3.75	1.05	4.5	1682.59
3.75	1.05	4.65	1668.24
3.75	1.05	4.8	1655.54
3.75	1.05	4.95	1643.38
3.75	1.05	5.1	1628.53
3.75	1.05	5.25	1611.9
3.75	1.05	5.4	1610.66
3.75	1.05	5.55	1603.7
3.75	1.05	5.7	1604.14
3.75	1.05	5.85	1603.07
3.75	1.05	6	1605.77
3.75	1.05	6.15	1606.39
3.75	1.05	6.3	1613.78
3.75	1.05	6.45	1613.11
3.75	1.05	6.6	1627.22
3.75	1.05	6.75	1640.76
3.75	1.05	6.9	1650.37
3.75	1.05	7.05	1659.97
3.75	1.05	7.2	1672.43
3.75	1.05	7.35	1687.11
3.75	1.05	7.5	1696.46
3.75	1.05	7.65	1706.87
3.75	1.05	7.8	1717.87
3.75	1.05	7.95	1711.01
3.75	1.05	8.1	1709.38
3.75	1.05	8.25	1705.03
3.75	1.05	8.4	1691.97
3.75	1.05	8.55	1676.87
3.75	1.05	8.7	1657.49
3.75	1.05	8.85	1633.56
3.75	1.05	9	1607.12
3.75	1.05	9.15	1583.52
3.75	1.05	9.3	1552.51
3.75	1.05	9.45	1527.47
3.75	1.05	9.6	1498.92
3.75	1.05	9.75	1487.29
3.75	1.05	9.9	1464.01
3.75	1.05	10.05	1445.85
3.75	1.05	10.2	0
3.75	1.05	10.35	0
3.75	1.05	10.5	0
3.75	1.05	10.65	0
3.75	1.05	10.8	0
3.75	1.05	10.95	0
3.75	1.05	11.1	0
3.75	1.05	11.25	0
3.75	1.05	11.4	0
3.75	1.05	11.55	0
3.75	1.2	0	0
3.75	1.2	0.15	0
3.75	1.2	0.3	0
3.75	1.2	0.45	0
3.75	1.2	0.6	0
3.75	1.2	0.75	0
3.75	1.2	0.9	0
3.75	1.2	1.05	0
3.75	1.2	1.2	0
3.75	1.2	1.35	0
3.75	1.2	1.5	1466.36
3.75	1.2	1.65	1494.33
3.75	1.2	1.8	1513.53
3.75	1.2	1.95	1540.25
3.75	1.2	2.1	1555.87
3.75	1.2	2.25	1589.07
3.75	1.2	2.4	1615.38
3.75	1.2	2.55	1647.26
3.75	1.2	2.7	1672.18
3.75	1.2	2.85	1705.23
3.75	1.2	3	1736.91
3.75	1.2	3.15	1765.92
3.75	1.2	3.3	1796.33
3.75	1.2	3.45	1827.42
3.75	1.2	3.6	1846.4
3.75	1.2	3.75	1863.81
3.75	1.2	3.9	1884.82
3.75	1.2	4.05	1884.48
3.75	1.2	4.2	1875.49
3.75	1.2	4.35	1858.59
3.75	1.2	4.5	1840.35
3.75	1.2	4.65	1813.55
3.75	1.2	4.8	1783.86
3.75	1.2	4.95	1757.03
3.75	1.2	5.1	1731.89
3.75	1.2	5.25	1703.47
3.75	1.2	5.4	1691.85
3.75	1.2	5.55	1682.49
3.75	1.2	5.7	1678.4
3.75	1.2	5.85	1676.2
3.75	1.2	6	1678.93
3.75	1.2	6.15	1681.74
3.75	1.2	6.3	1689.77
3.75	1.2	6.45	1697.71
3.75	1.2	6.6	1723.01
3.75	1.2	6.75	1743.85
3.75	1.2	6.9	1766.93
3.75	1.2	7.05	1790.61
3.75	1.2	7.2	1816.66
3.75	1.2	7.35	1834.19
3.75	1.2	7.5	1850.97
3.75	1.2	7.65	1859.86
3.75	1.2	7.8	1861.29
3.75	1.2	7.95	1842.55
3.75	1.2	8.1	1826.8
3.75	1.2	8.25	1809.48
3.75	1.2	8.4	1781.24
3.75	1.2	8.55	1753.09
3.75	1.2	8.7	1726.79
3.75	1.2	8.85	1695.76
3.75	1.2	9	1664.38
3.75	1.2	9.15	1640.02
3.75	1.2	9.3	1611.01
3.75	1.2	9.45	1586.97
3.75	1.2	9.6	1553.76
3.75	1.2	9.75	1539.28
3.75	1.2	9.9	1513.19
3.75	1.2	10.05	1494.58
3.75	1.2	10.2	1468.38
3.75	1.2	10.35	0
3.75	1.2	10.5	0
3.75	1.2	10.65	0
3.75	1.2	10.8	0
3.75	1.2	10.95	0
3.75	1.2	11.1	0
3.75	1.2	11.25	0
3.75	1.2	11.4	0
3.75	1.2	11.55	0
3.75	1.35	0	0
3.75	1.35	0.15	0
3.75	1.35	0.3	0
3.75	1.35	0.45	0
3.75	1.35	0.6	0
3.75	1.35	0.75	0
3.75	1.35	0.9	0
3.75	1.35	1.05	0
3.75	1.35	1.2	0
3.75	1.35	1.35	1487.19
3.75	1.35	1.5	1515.09
3.75	1.35	1.65	1541.73
3.75	1.35	1.8	1566.69
3.75	1.35	1.95	1597.91
3.75	1.35	2.1	1619.58
3.75	1.35	2.25	1655.42
3.75	1.35	2.4	1684.57
3.75	1.35	2.55	1721.33
3.75	1.35	2.7	1748.68
3.75	1.35	2.85	1786.65
3.75	1.35	3	1821.4
3.75	1.35	3.15	1852.4
3.75	1.35	3.3	1886.48
3.75	1.35	3.45	1928.36
3.75	1.35	3.6	1960.97
3.75	1.35	3.75	1995.38
3.75	1.35	3.9	2043.48
3.75	1.35	4.05	2069.09
3.75	1.35	4.2	2088.76
3.75	1.35	4.35	2095.43
3.75	1.35	4.5	2091.11
3.75	1.35	4.65	2071.18
3.75	1.35	4.8	2030.77
3.75	1.35	4.95	1988.37
3.75	1.35	5.1	1941.43
3.75	1.35	5.25	1891.88
3.75	1.35	5.4	1854.29
3.75	1.35	5.55	1839.19
3.75	1.35	5.7	1825.73
3.75	1.35	5.85	1819.91
3.75	1.35	6	1823.31
3.75	1.35	6.15	1833.77
3.75	1.35	6.3	1844.59
3.75	1.35	6.45	1876.13
3.75	1.35	6.6	1918.48
3.75	1.35	6.75	1958.17
3.75	1.35	6.9	1999.76
3.75	1.35	7.05	2037.07
3.75	1.35	7.2	2058.65
3.75	1.35	7.35	2065.19
3.75	1.35	7.5	2060.2
3.75	1.35	7.65	2042.74
3.75	1.35	7.8	2018.79
3.75	1.35	7.95	1972.96
3.75	1.35	8.1	1940.78
3.75	1.35	8.25	1910.4
3.75	1.35	8.4	1871.35
3.75	1.35	8.55	1838.96
3.75	1.35	8.7	1810.68
3.75	1.35	8.85	1776.57
3.75	1.35	9	1740.28
3.75	1.35	9.15	1714.05
3.75	1.35	9.3	1678.43
3.75	1.35	9.45	1650.94
3.75	1.35	9.6	1615.11
3.75	1.35	9.75	1594.58
3.75	1.35	9.9	1563.99
3.75	1.35	10.05	1539.61
3.75	1.35	10.2	1514.15
3.75	1.35	10.35	1487.43
3.75	1.35	10.5	0
3.75	1.35	10.65	0
3.75	1.35	10.8	0
3.75	1.35	10.95	0
3.75	1.35	11.1	0
3.75	1.35	11.25	0
3.75	1.35	11.4	0
3.75	1.35	11.55	0
3.75	1.5	0	0
3.75	1.5	0.15	0
3.75	1.5	0.3	0
3.75	1.5	0.45	0
3.75	1.5	0.6	0
3.75	1.5	0.75	0
3.75	1.5	0.9	0
3.75	1.5	1.05	0
3.75	1.5	1.2	1495.92
3.75	1.5	1.35	1531.75
3.75	1.5	1.5	1557.92
3.75	1.5	1.65	1585.54
3.75	1.5	1.8	1608.46
3.75	1.5	1.95	1639.11
3.75	1.5	2.1	1659.64
3.75	1.5	2.25	1695.16
3.75	1.5	2.4	1725.69
3.75	1.5	2.55	1765.19
3.75	1.5	2.7	1792.3
3.75	1.5	2.85	1831.05
3.75	1.5	3	1867.21
3.75	1.5	3.15	1899.28
3.75	1.5	3.3	1932.81
3.75	1.5	3.45	1976.66
3.75	1.5	3.6	2011.83
3.75	1.5	3.75	2050.52
3.75	1.5	3.9	2105.22
3.75	1.5	4.05	2141.89
3.75	1.5	4.2	2177.54
3.75	1.5	4.35	2213.81
3.75	1.5	4.5	2248.45
3.75	1.5	4.65	2272.15
3.75	1.5	4.8	2279.53
3.75	1.5	4.95	2253.74
3.75	1.5	5.1	2195.06
3.75	1.5	5.25	2122.3
3.75	1.5	5.4	2047.77
3.75	1.5	5.55	1998.94
3.75	1.5	5.7	1970.68
3.75	1.5	5.85	1961.06
3.75	1.5	6	1965.35
3.75	1.5	6.15	1986.5
3.75	1.5	6.3	2024.01
3.75	1.5	6.45	2087.21
3.75	1.5	6.6	2153.32
3.75	1.5	6.75	2212.38
3.75	1.5	6.9	2241.5
3.75	1.5	7.05	2237.46
3.75	1.5	7.2	2215.99
3.75	1.5	7.35	2183.02
3.75	1.5	7.5	2148.96
3.75	1.5	7.65	2115.53
3.75	1.5	7.8	2081.09
3.75	1.5	7.95	2029.22
3.75	1.5	8.1	1993.31
3.75	1.5	8.25	1959.81
3.75	1.5	8.4	1918.8
3.75	1.5	8.55	1888.08
3.75	1.5	8.7	1857.6
3.75	1.5	8.85	1822.09
3.75	1.5	9	1785.58
3.75	1.5	9.15	1759.03
3.75	1.5	9.3	1720.66
3.75	1.5	9.45	1691.81
3.75	1.5	9.6	1655.15
3.75	1.5	9.75	1635.75
3.75	1.5	9.9	1605.11
3.75	1.5	10.05	1582.19
3.75	1.5	10.2	1555.76
3.75	1.5	10.35	1531.95
3.75	1.5	10.5	1496.11
3.75	1.5	10.65	0
3.75	1.5	10.8	0
3.75	1.5	10.95	0
3.75	1.5	11.1	0
3.75	1.5	11.25	0
3.75	1.5	11.4	0
3.75	1.5	11.55	0
3.75	1.65	0	0
3.75	1.65	0.15	0
3.75	1.65	0.3	0
3.75	1.65	0.45	0
3.75	1.65	0.6	0
3.75	1.65	0.75	0
3.75	1.65	0.9	0
3.75	1.65	1.05	1491.02
3.75	1.65	1.2	1535.08
3.75	1.65	1.35	1563.09
3.75	1.65	1.5	1590.01
3.75	1.65	1.65	1621.86
3.75	1.65	1.8	1646.32
3.75	1.65	1.95	1674.73
3.75	1.65	2.1	1688.28
3.75	1.65	2.25	1721.24
3.75	1.65	2.4	1750.65
3.75	1.65	2.55	1788.17
3.75	1.65	2.7	1816.55
3.75	1.65	2.85	1855.33
3.75	1.65	3	1892.06
3.75	1.65	3.15	1924.13
3.75	1.65	3.3	1958.82
3.75	1.65	3.45	2003.22
3.75	1.65	3.6	2038.94
3.75	1.65	3.75	2079.36
3.75	1.65	3.9	2136.44
3.75	1.65	4.05	2177.13
3.75	1.65	4.2	2215.61
3.75	1.65	4.35	2253
3.75	1.65	4.5	2291.02
3.75	1.65	4.65	2327.38
3.75	1.65	4.8	2372.99
3.75	1.65	4.95	2416.99
3.75	1.65	5.1	2423.97
3.75	1.65	5.25	2377.22
3.75	1.65	5.4	2278.53
3.75	1.65	5.55	2197.66
3.75	1.65	5.7	2130.22
3.75	1.65	5.85	2106.23
3.75	1.65	6	2116.7
3.75	1.65	6.15	2164.68
3.75	1.65	6.3	2234.26
3.75	1.65	6.45	2328.06
3.75	1.65	6.6	2378.15
3.75	1.65	6.75	2375.07
3.75	1.65	6.9	2334.97
3.75	1.65	7.05	2291.58
3.75	1.65	7.2	2256.9
3.75	1.65	7.35	2221.09
3.75	1.65	7.5	2185.94
3.75	1.65	7.65	2150.22
3.75	1.65	7.8	2112.32
3.75	1.65	7.95	2057.51
3.75	1.65	8.1	2019.88
3.75	1.65	8.25	1986.94
3.75	1.65	8.4	1944.8
3.75	1.65	8.55	1912.37
3.75	1.65	8.7	1882.46
3.75	1.65	8.85	1846.94
3.75	1.65	9	1809.28
3.75	1.65	9.15	1782.02
3.75	1.65	9.3	1745.63
3.75	1.65	9.45	1717.34
3.75	1.65	9.6	1683.23
3.75	1.65	9.75	1670.82
3.75	1.65	9.9	1641.87
3.75	1.65	10.05	1617.95
3.75	1.65	10.2	1586.71
3.75	1.65	10.35	1560.97
3.75	1.65	10.5	1533.51
3.75	1.65	10.65	1489.54
3.75	1.65	10.8	0
3.75	1.65	10.95	0
3.75	1.65	11.1	0
3.75	1.65	11.25	0
3.75	1.65	11.4	0
3.75	1.65	11.55	0
3.75	1.8	0	0
3.75	1.8	0.15	0
3.75	1.8	0.3	0
3.75	1.8	0.45	0
3.75	1.8	0.6	0
3.75	1.8	0.75	0
3.75	1.8	0.9	1491.47
3.75	1.8	1.05	1529.48
3.75	1.8	1.2	1570
3.75	1.8	1.35	1600.84
3.75	1.8	1.5	1627
3.75	1.8	1.65	1653.26
3.75	1.8	1.8	1672.17
3.75	1.8	1.95	1699.39
3.75	1.8	2.1	1713.4
3.75	1.8	2.25	1745.23
3.75	1.8	2.4	1773.47
3.75	1.8	2.55	1809.82
3.75	1.8	2.7	1837.64
3.75	1.8	2.85	1874.7
3.75	1.8	3	1911.47
3.75	1.8	3.15	1943.04
3.75	1.8	3.3	1979.38
3.75	1.8	3.45	2023.8
3.75	1.8	3.6	2061.82
3.75	1.8	3.75	2102.82
3.75	1.8	3.9	2161.01
3.75	1.8	4.05	2202.86
3.75	1.8	4.2	2244.83
3.75	1.8	4.35	2285.62
3.75	1.8	4.5	2326.53
3.75	1.8	4.65	2365.13
3.75	1.8	4.8	2409.52
3.75	1.8	4.95	2460.22
3.75	1.8	5.1	2519.77
3.75	1.8	5.25	2559.11
3.75	1.8	5.4	2534.18
3.75	1.8	5.55	2453
3.75	1.8	5.7	2362.28
3.75	1.8	5.85	2321.87
3.75	1.8	6	2332.3
3.75	1.8	6.15	2403.56
3.75	1.8	6.3	2482.89
3.75	1.8	6.45	2509.42
3.75	1.8	6.6	2474.54
3.75	1.8	6.75	2417.74
3.75	1.8	6.9	2370.39
3.75	1.8	7.05	2328.77
3.75	1.8	7.2	2292.4
3.75	1.8	7.35	2253.71
3.75	1.8	7.5	2215.71
3.75	1.8	7.65	2176.51
3.75	1.8	7.8	2137.44
3.75	1.8	7.95	2082.63
3.75	1.8	8.1	2043.87
3.75	1.8	8.25	2008.63
3.75	1.8	8.4	1966.48
3.75	1.8	8.55	1932.39
3.75	1.8	8.7	1902.43
3.75	1.8	8.85	1866.86
3.75	1.8	9	1830.92
3.75	1.8	9.15	1804.21
3.75	1.8	9.3	1769.56
3.75	1.8	9.45	1741.88
3.75	1.8	9.6	1708.9
3.75	1.8	9.75	1696.03
3.75	1.8	9.9	1668.27
3.75	1.8	10.05	1649.36
3.75	1.8	10.2	1624.24
3.75	1.8	10.35	1599.28
3.75	1.8	10.5	1567.84
3.75	1.8	10.65	1526.79
3.75	1.8	10.8	1487.02
3.75	1.8	10.95	0
3.75	1.8	11.1	0
3.75	1.8	11.25	0
3.75	1.8	11.4	0
3.75	1.8	11.55	0
3.75	1.95	0	0
3.75	1.95	0.15	0
3.75	1.95	0.3	0
3.75	1.95	0.45	0
3.75	1.95	0.6	0
3.75	1.95	0.75	0
3.75	1.95	0.9	1525.61
3.75	1.95	1.05	1561.5
3.75	1.95	1.2	1597.49
3.75	1.95	1.35	1623.55
3.75	1.95	1.5	1645.91
3.75	1.95	1.65	1669.43
3.75	1.95	1.8	1689.45
3.75	1.95	1.95	1717.83
3.75	1.95	2.1	1731.77
3.75	1.95	2.25	1762.51
3.75	1.95	2.4	1789.91
3.75	1.95	2.55	1826.82
3.75	1.95	2.7	1854.66
3.75	1.95	2.85	1892.29
3.75	1.95	3	1929.05
3.75	1.95	3.15	1957.15
3.75	1.95	3.3	1992.33
3.75	1.95	3.45	2036.24
3.75	1.95	3.6	2075.4
3.75	1.95	3.75	2116.99
3.75	1.95	3.9	2178.04
3.75	1.95	4.05	2220.44
3.75	1.95	4.2	2264.14
3.75	1.95	4.35	2308.41
3.75	1.95	4.5	2352.13
3.75	1.95	4.65	2392.38
3.75	1.95	4.8	2436.23
3.75	1.95	4.95	2485.67
3.75	1.95	5.1	2552.84
3.75	1.95	5.25	2624.22
3.75	1.95	5.4	2692.67
3.75	1.95	5.55	2697.26
3.75	1.95	5.7	2636.4
3.75	1.95	5.85	2595.57
3.75	1.95	6	2600.55
3.75	1.95	6.15	2648.44
3.75	1.95	6.3	2641.99
3.75	1.95	6.45	2575.71
3.75	1.95	6.6	2507.65
3.75	1.95	6.75	2443.78
3.75	1.95	6.9	2397.09
3.75	1.95	7.05	2355.46
3.75	1.95	7.2	2317.45
3.75	1.95	7.35	2276.51
3.75	1.95	7.5	2235.01
3.75	1.95	7.65	2194.08
3.75	1.95	7.8	2155.03
3.75	1.95	7.95	2097.36
3.75	1.95	8.1	2058
3.75	1.95	8.25	2021.07
3.75	1.95	8.4	1979.42
3.75	1.95	8.55	1947.06
3.75	1.95	8.7	1920.01
3.75	1.95	8.85	1885.01
3.75	1.95	9	1847.94
3.75	1.95	9.15	1821.21
3.75	1.95	9.3	1785.99
3.75	1.95	9.45	1759.16
3.75	1.95	9.6	1727.28
3.75	1.95	9.75	1714.47
3.75	1.95	9.9	1685.55
3.75	1.95	10.05	1665.53
3.75	1.95	10.2	1642.6
3.75	1.95	10.35	1621.98
3.75	1.95	10.5	1595.88
3.75	1.95	10.65	1558.81
3.75	1.95	10.8	1521.16
3.75	1.95	10.95	0
3.75	1.95	11.1	0
3.75	1.95	11.25	0
3.75	1.95	11.4	0
3.75	1.95	11.55	0
3.75	2.1	0	0
3.75	2.1	0.15	0
3.75	2.1	0.3	0
3.75	2.1	0.45	0
3.75	2.1	0.6	0
3.75	2.1	0.75	1510.59
3.75	2.1	0.9	1550.52
3.75	2.1	1.05	1576.36
3.75	2.1	1.2	1610.8
3.75	2.1	1.35	1636.42
3.75	2.1	1.5	1658.83
3.75	2.1	1.65	1682.31
3.75	2.1	1.8	1703.49
3.75	2.1	1.95	1731.87
3.75	2.1	2.1	1745.7
3.75	2.1	2.25	1774.54
3.75	2.1	2.4	1801.08
3.75	2.1	2.55	1838.01
3.75	2.1	2.7	1866.44
3.75	2.1	2.85	1903.48
3.75	2.1	3	1941.39
3.75	2.1	3.15	1969.5
3.75	2.1	3.3	2005.27
3.75	2.1	3.45	2046.77
3.75	2.1	3.6	2084.8
3.75	2.1	3.75	2124.73
3.75	2.1	3.9	2187.5
3.75	2.1	4.05	2232.25
3.75	2.1	4.2	2277.07
3.75	2.1	4.35	2324.18
3.75	2.1	4.5	2370.81
3.75	2.1	4.65	2416.66
3.75	2.1	4.8	2466.43
3.75	2.1	4.95	2521.26
3.75	2.1	5.1	2591.54
3.75	2.1	5.25	2672.19
3.75	2.1	5.4	2762.99
3.75	2.1	5.55	2861.12
3.75	2.1	5.7	2910.97
3.75	2.1	5.85	2905.42
3.75	2.1	6	2889.81
3.75	2.1	6.15	2820.54
3.75	2.1	6.3	2717.05
3.75	2.1	6.45	2625.47
3.75	2.1	6.6	2546.38
3.75	2.1	6.75	2479.44
3.75	2.1	6.9	2426.77
3.75	2.1	7.05	2379.78
3.75	2.1	7.2	2335.57
3.75	2.1	7.35	2291.72
3.75	2.1	7.5	2248.49
3.75	2.1	7.65	2205.89
3.75	2.1	7.8	2165.05
3.75	2.1	7.95	2104.54
3.75	2.1	8.1	2066.84
3.75	2.1	8.25	2031.61
3.75	2.1	8.4	1992.37
3.75	2.1	8.55	1959.4
3.75	2.1	8.7	1931.79
3.75	2.1	8.85	1896.2
3.75	2.1	9	1859.71
3.75	2.1	9.15	1831.85
3.75	2.1	9.3	1796.61
3.75	2.1	9.45	1770.63
3.75	2.1	9.6	1740.65
3.75	2.1	9.75	1727.95
3.75	2.1	9.9	1699.03
3.75	2.1	10.05	1677.85
3.75	2.1	10.2	1654.96
3.75	2.1	10.35	1634.3
3.75	2.1	10.5	1608.63
3.75	2.1	10.65	1573.11
3.75	2.1	10.8	1545.51
3.75	2.1	10.95	1505.58
3.75	2.1	11.1	0
3.75	2.1	11.25	0
3.75	2.1	11.4	0
3.75	2.1	11.55	0
3.75	2.25	0	0
3.75	2.25	0.15	0
3.75	2.25	0.3	0
3.75	2.25	0.45	0
3.75	2.25	0.6	0
3.75	2.25	0.75	1530.59
3.75	2.25	0.9	1562.08
3.75	2.25	1.05	1589.19
3.75	2.25	1.2	1624.78
3.75	2.25	1.35	1649.84
3.75	2.25	1.5	1671.65
3.75	2.25	1.65	1696.29
3.75	2.25	1.8	1717.46
3.75	2.25	1.95	1745.84
3.75	2.25	2.1	1759.5
3.75	2.25	2.25	1785.32
3.75	2.25	2.4	1811.09
3.75	2.25	2.55	1848.6
3.75	2.25	2.7	1877
3.75	2.25	2.85	1915.1
3.75	2.25	3	1953.08
3.75	2.25	3.15	1981.18
3.75	2.25	3.3	2016.96
3.75	2.25	3.45	2059.05
3.75	2.25	3.6	2099.36
3.75	2.25	3.75	2136.32
3.75	2.25	3.9	2197.4
3.75	2.25	4.05	2241.13
3.75	2.25	4.2	2289.37
3.75	2.25	4.35	2338.82
3.75	2.25	4.5	2391.11
3.75	2.25	4.65	2445.08
3.75	2.25	4.8	2504.37
3.75	2.25	4.95	2567.33
3.75	2.25	5.1	2641.26
3.75	2.25	5.25	2732.16
3.75	2.25	5.4	2840.19
3.75	2.25	5.55	2965.27
3.75	2.25	5.7	3132.98
3.75	2.25	5.85	3224.78
3.75	2.25	6	3125.92
3.75	2.25	6.15	2938.83
3.75	2.25	6.3	2800.16
3.75	2.25	6.45	2688.96
3.75	2.25	6.6	2599.03
3.75	2.25	6.75	2526.68
3.75	2.25	6.9	2465.89
3.75	2.25	7.05	2408.79
3.75	2.25	7.2	2357.01
3.75	2.25	7.35	2308.03
3.75	2.25	7.5	2261.91
3.75	2.25	7.65	2216.45
3.75	2.25	7.8	2175.51
3.75	2.25	7.95	2117.25
3.75	2.25	8.1	2082.52
3.75	2.25	8.25	2045.56
3.75	2.25	8.4	2005.17
3.75	2.25	8.55	1972.2
3.75	2.25	8.7	1944.59
3.75	2.25	8.85	1908.38
3.75	2.25	9	1871.39
3.75	2.25	9.15	1843.55
3.75	2.25	9.3	1807.73
3.75	2.25	9.45	1781.97
3.75	2.25	9.6	1755.01
3.75	2.25	9.75	1742.48
3.75	2.25	9.9	1713.56
3.75	2.25	10.05	1692.38
3.75	2.25	10.2	1668.34
3.75	2.25	10.35	1647.71
3.75	2.25	10.5	1623.17
3.75	2.25	10.65	1586.5
3.75	2.25	10.8	1557.63
3.75	2.25	10.95	1526.14
3.75	2.25	11.1	0
3.75	2.25	11.25	0
3.75	2.25	11.4	0
3.75	2.25	11.55	0
3.75	2.4	0	0
3.75	2.4	0.15	0
3.75	2.4	0.3	0
3.75	2.4	0.45	0
3.75	2.4	0.6	1543.62
3.75	2.4	0.75	1542.44
3.75	2.4	0.9	1571.45
3.75	2.4	1.05	1599.71
3.75	2.4	1.2	1634.74
3.75	2.4	1.35	1659.21
3.75	2.4	1.5	1680.99
3.75	2.4	1.65	1706.81
3.75	2.4	1.8	1727.99
3.75	2.4	1.95	1756.37
3.75	2.4	2.1	1770.01
3.75	2.4	2.25	1795.45
3.75	2.4	2.4	1819.03
3.75	2.4	2.55	1855.38
3.75	2.4	2.7	1882.61
3.75	2.4	2.85	1920.17
3.75	2.4	3	1957.58
3.75	2.4	3.15	1985.71
3.75	2.4	3.3	2019.83
3.75	2.4	3.45	2064.11
3.75	2.4	3.6	2104.46
3.75	2.4	3.75	2143.15
3.75	2.4	3.9	2205.36
3.75	2.4	4.05	2245.58
3.75	2.4	4.2	2292.88
3.75	2.4	4.35	2347.74
3.75	2.4	4.5	2409.44
3.75	2.4	4.65	2472.34
3.75	2.4	4.8	2538.69
3.75	2.4	4.95	2607.88
3.75	2.4	5.1	2686.86
3.75	2.4	5.25	2783.69
3.75	2.4	5.4	2918.78
3.75	2.4	5.55	3080.21
3.75	2.4	5.7	3282.63
3.75	2.4	5.85	3395.74
3.75	2.4	6	3282.63
3.75	2.4	6.15	3067.29
3.75	2.4	6.3	2889.33
3.75	2.4	6.45	2746.41
3.75	2.4	6.6	2648.18
3.75	2.4	6.75	2567.87
3.75	2.4	6.9	2501.41
3.75	2.4	7.05	2436.63
3.75	2.4	7.2	2377.03
3.75	2.4	7.35	2318.08
3.75	2.4	7.5	2265.41
3.75	2.4	7.65	2221.45
3.75	2.4	7.8	2184.01
3.75	2.4	7.95	2125.19
3.75	2.4	8.1	2088.73
3.75	2.4	8.25	2050.61
3.75	2.4	8.4	2009.14
3.75	2.4	8.55	1976.72
3.75	2.4	8.7	1949.65
3.75	2.4	8.85	1913.44
3.75	2.4	9	1876.99
3.75	2.4	9.15	1850.88
3.75	2.4	9.3	1815.66
3.75	2.4	9.45	1792.09
3.75	2.4	9.6	1765.51
3.75	2.4	9.75	1753
3.75	2.4	9.9	1724.08
3.75	2.4	10.05	1702.9
3.75	2.4	10.2	1677.67
3.75	2.4	10.35	1657.08
3.75	2.4	10.5	1632.57
3.75	2.4	10.65	1597.02
3.75	2.4	10.8	1567
3.75	2.4	10.95	1537.98
3.75	2.4	11.1	1539.1
3.75	2.4	11.25	0
3.75	2.4	11.4	0
3.75	2.4	11.55	0
3.75	2.55	0	0
3.75	2.55	0.15	0
3.75	2.55	0.3	0
3.75	2.55	0.45	0
3.75	2.55	0.6	1553.89
3.75	2.55	0.75	1548.68
3.75	2.55	0.9	1579.42
3.75	2.55	1.05	1607.66
3.75	2.55	1.2	1641.56
3.75	2.55	1.35	1667.19
3.75	2.55	1.5	1688.95
3.75	2.55	1.65	1714.77
3.75	2.55	1.8	1735.95
3.75	2.55	1.95	1764.33
3.75	2.55	2.1	1777.97
3.75	2.55	2.25	1803.22
3.75	2.55	2.4	1822.96
3.75	2.55	2.55	1858.48
3.75	2.55	2.7	1886.3
3.75	2.55	2.85	1924.42
3.75	2.55	3	1962.41
3.75	2.55	3.15	1991.67
3.75	2.55	3.3	2022.91
3.75	2.55	3.45	2066.61
3.75	2.55	3.6	2106.4
3.75	2.55	3.75	2146.79
3.75	2.55	3.9	2209.62
3.75	2.55	4.05	2253.44
3.75	2.55	4.2	2301.14
3.75	2.55	4.35	2360.21
3.75	2.55	4.5	2428.34
3.75	2.55	4.65	2499.27
3.75	2.55	4.8	2574.74
3.75	2.55	4.95	2650.67
3.75	2.55	5.1	2738.87
3.75	2.55	5.25	2851.13
3.75	2.55	5.4	3011.41
3.75	2.55	5.55	3199.31
3.75	2.55	5.7	3382.12
3.75	2.55	5.85	3433.61
3.75	2.55	6	3382.12
3.75	2.55	6.15	3196.96
3.75	2.55	6.3	2991.37
3.75	2.55	6.45	2820.93
3.75	2.55	6.6	2705.51
3.75	2.55	6.75	2615.36
3.75	2.55	6.9	2539.19
3.75	2.55	7.05	2466.46
3.75	2.55	7.2	2397.67
3.75	2.55	7.35	2331.14
3.75	2.55	7.5	2275.37
3.75	2.55	7.65	2229.87
3.75	2.55	7.8	2189.4
3.75	2.55	7.95	2128.83
3.75	2.55	8.1	2091.23
3.75	2.55	8.25	2053.67
3.75	2.55	8.4	2013.33
3.75	2.55	8.55	1982.68
3.75	2.55	8.7	1955.59
3.75	2.55	8.85	1918.25
3.75	2.55	9	1881.24
3.75	2.55	9.15	1853.98
3.75	2.55	9.3	1819.6
3.75	2.55	9.45	1799.87
3.75	2.55	9.6	1773.47
3.75	2.55	9.75	1760.96
3.75	2.55	9.9	1732.04
3.75	2.55	10.05	1710.86
3.75	2.55	10.2	1685.64
3.75	2.55	10.35	1665.06
3.75	2.55	10.5	1639.39
3.75	2.55	10.65	1604.97
3.75	2.55	10.8	1574.97
3.75	2.55	10.95	1544.23
3.75	2.55	11.1	1549.37
3.75	2.55	11.25	0
3.75	2.55	11.4	0
3.75	2.55	11.55	0
3.75	2.7	0	0
3.75	2.7	0.15	0
3.75	2.7	0.3	0
3.75	2.7	0.45	1539.47
3.75	2.7	0.6	1564.29
3.75	2.7	0.75	1556.71
3.75	2.7	0.9	1588.6
3.75	2.7	1.05	1616.28
3.75	2.7	1.2	1649.59
3.75	2.7	1.35	1675.2
3.75	2.7	1.5	1698.14
3.75	2.7	1.65	1723.96
3.75	2.7	1.8	1745.14
3.75	2.7	1.95	1773.52
3.75	2.7	2.1	1787.16
3.75	2.7	2.25	1812.25
3.75	2.7	2.4	1829.21
3.75	2.7	2.55	1863.09
3.75	2.7	2.7	1890.91
3.75	2.7	2.85	1928.46
3.75	2.7	3	1966.38
3.75	2.7	3.15	1995.73
3.75	2.7	3.3	2026.42
3.75	2.7	3.45	2070.17
3.75	2.7	3.6	2109.29
3.75	2.7	3.75	2150.8
3.75	2.7	3.9	2212.74
3.75	2.7	4.05	2263.94
3.75	2.7	4.2	2320.25
3.75	2.7	4.35	2379.65
3.75	2.7	4.5	2450.13
3.75	2.7	4.65	2529.06
3.75	2.7	4.8	2609.14
3.75	2.7	4.95	2696.01
3.75	2.7	5.1	2794.96
3.75	2.7	5.25	2920.46
3.75	2.7	5.4	3103
3.75	2.7	5.55	3313.36
3.75	2.7	5.7	3430.48
3.75	2.7	5.85	3434.92
3.75	2.7	6	3430.48
3.75	2.7	6.15	3313.36
3.75	2.7	6.3	3093.57
3.75	2.7	6.45	2897.35
3.75	2.7	6.6	2765.2
3.75	2.7	6.75	2665.44
3.75	2.7	6.9	2578.29
3.75	2.7	7.05	2497.99
3.75	2.7	7.2	2421.22
3.75	2.7	7.35	2352.87
3.75	2.7	7.5	2295.62
3.75	2.7	7.65	2241.51
3.75	2.7	7.8	2193.07
3.75	2.7	7.95	2133.4
3.75	2.7	8.1	2095.79
3.75	2.7	8.25	2058.9
3.75	2.7	8.4	2017.4
3.75	2.7	8.55	1987.31
3.75	2.7	8.7	1959.56
3.75	2.7	8.85	1922.85
3.75	2.7	9	1885.85
3.75	2.7	9.15	1859.15
3.75	2.7	9.3	1825.85
3.75	2.7	9.45	1808.9
3.75	2.7	9.6	1782.66
3.75	2.7	9.75	1770.15
3.75	2.7	9.9	1741.23
3.75	2.7	10.05	1720.05
3.75	2.7	10.2	1694.83
3.75	2.7	10.35	1673.07
3.75	2.7	10.5	1647.43
3.75	2.7	10.65	1613.03
3.75	2.7	10.8	1584.15
3.75	2.7	10.95	1552.26
3.75	2.7	11.1	1559.77
3.75	2.7	11.25	1533.18
3.75	2.7	11.4	0
3.75	2.7	11.55	0
3.75	2.85	0	0
3.75	2.85	0.15	0
3.75	2.85	0.3	0
3.75	2.85	0.45	1548.88
3.75	2.85	0.6	1570.88
3.75	2.85	0.75	1563.85
3.75	2.85	0.9	1595.17
3.75	2.85	1.05	1622.28
3.75	2.85	1.2	1656.76
3.75	2.85	1.35	1682.34
3.75	2.85	1.5	1705.29
3.75	2.85	1.65	1731.11
3.75	2.85	1.8	1752.28
3.75	2.85	1.95	1780.66
3.75	2.85	2.1	1794.31
3.75	2.85	2.25	1819.4
3.75	2.85	2.4	1836.19
3.75	2.85	2.55	1866.53
3.75	2.85	2.7	1893.77
3.75	2.85	2.85	1930.16
3.75	2.85	3	1967.51
3.75	2.85	3.15	1996.86
3.75	2.85	3.3	2027.51
3.75	2.85	3.45	2067.86
3.75	2.85	3.6	2108.65
3.75	2.85	3.75	2151.1
3.75	2.85	3.9	2217.94
3.75	2.85	4.05	2275.05
3.75	2.85	4.2	2331.13
3.75	2.85	4.35	2398.62
3.75	2.85	4.5	2468.29
3.75	2.85	4.65	2546.19
3.75	2.85	4.8	2638.92
3.75	2.85	4.95	2738.27
3.75	2.85	5.1	2847.01
3.75	2.85	5.25	2987.94
3.75	2.85	5.4	3194.86
3.75	2.85	5.55	3388.46
3.75	2.85	5.7	3435.48
3.75	2.85	5.85	3435.48
3.75	2.85	6	3435.48
3.75	2.85	6.15	3388.46
3.75	2.85	6.3	3191.32
3.75	2.85	6.45	2972.47
3.75	2.85	6.6	2821.95
3.75	2.85	6.75	2712.35
3.75	2.85	6.9	2614.4
3.75	2.85	7.05	2520.35
3.75	2.85	7.2	2442.24
3.75	2.85	7.35	2375.27
3.75	2.85	7.5	2308.8
3.75	2.85	7.65	2254.89
3.75	2.85	7.8	2201.1
3.75	2.85	7.95	2135.93
3.75	2.85	8.1	2095.72
3.75	2.85	8.25	2057.7
3.75	2.85	8.4	2019.05
3.75	2.85	8.55	1990.11
3.75	2.85	8.7	1961.81
3.75	2.85	8.85	1925.11
3.75	2.85	9	1889.83
3.75	2.85	9.15	1863.15
3.75	2.85	9.3	1833.38
3.75	2.85	9.45	1816.61
3.75	2.85	9.6	1790.37
3.75	2.85	9.75	1777.86
3.75	2.85	9.9	1748.94
3.75	2.85	10.05	1727.76
3.75	2.85	10.2	1702.53
3.75	2.85	10.35	1680.78
3.75	2.85	10.5	1655.15
3.75	2.85	10.65	1619.59
3.75	2.85	10.8	1590.72
3.75	2.85	10.95	1559.95
3.75	2.85	11.1	1566.93
3.75	2.85	11.25	1543.15
3.75	2.85	11.4	0
3.75	2.85	11.55	0
3.75	3	0	0
3.75	3	0.15	0
3.75	3	0.3	0
3.75	3	0.45	1556.63
3.75	3	0.6	1576.3
3.75	3	0.75	1569.86
3.75	3	0.9	1601.17
3.75	3	1.05	1628.89
3.75	3	1.2	1662.16
3.75	3	1.35	1688.93
3.75	3	1.5	1711.87
3.75	3	1.65	1737.69
3.75	3	1.8	1758.87
3.75	3	1.95	1787.25
3.75	3	2.1	1800.89
3.75	3	2.25	1825.98
3.75	3	2.4	1842.51
3.75	3	2.55	1867.91
3.75	3	2.7	1893.47
3.75	3	2.85	1930.46
3.75	3	3	1967.81
3.75	3	3.15	1998.84
3.75	3	3.3	2030.13
3.75	3	3.45	2068.77
3.75	3	3.6	2109.22
3.75	3	3.75	2155.41
3.75	3	3.9	2228.76
3.75	3	4.05	2286.57
3.75	3	4.2	2347.21
3.75	3	4.35	2414.62
3.75	3	4.5	2487.21
3.75	3	4.65	2569.55
3.75	3	4.8	2666.39
3.75	3	4.95	2777.27
3.75	3	5.1	2896.28
3.75	3	5.25	3061.76
3.75	3	5.4	3286.63
3.75	3	5.55	3430.65
3.75	3	5.7	3440.11
3.75	3	5.85	3440.11
3.75	3	6	3440.11
3.75	3	6.15	3430.65
3.75	3	6.3	3287.19
3.75	3	6.45	3053.94
3.75	3	6.6	2878.25
3.75	3	6.75	2755.43
3.75	3	6.9	2645.96
3.75	3	7.05	2547.18
3.75	3	7.2	2465.78
3.75	3	7.35	2393
3.75	3	7.5	2328.31
3.75	3	7.65	2269.26
3.75	3	7.8	2212.5
3.75	3	7.95	2141.39
3.75	3	8.1	2097.95
3.75	3	8.25	2060.28
3.75	3	8.4	2022.23
3.75	3	8.55	1992.64
3.75	3	8.7	1962.66
3.75	3	8.85	1925.96
3.75	3	9	1889.53
3.75	3	9.15	1864.52
3.75	3	9.3	1839.71
3.75	3	9.45	1823.19
3.75	3	9.6	1796.95
3.75	3	9.75	1784.44
3.75	3	9.9	1755.52
3.75	3	10.05	1734.34
3.75	3	10.2	1709.12
3.75	3	10.35	1687.36
3.75	3	10.5	1660.55
3.75	3	10.65	1626.2
3.75	3	10.8	1597.27
3.75	3	10.95	1565.41
3.75	3	11.1	1572.34
3.75	3	11.25	1550.9
3.75	3	11.4	0
3.75	3	11.55	0
3.75	3.15	0	0
3.75	3.15	0.15	0
3.75	3.15	0.3	0
3.75	3.15	0.45	1564.95
3.75	3.15	0.6	1582.88
3.75	3.15	0.75	1576.41
3.75	3.15	0.9	1608.9
3.75	3.15	1.05	1634.87
3.75	3.15	1.2	1669.31
3.75	3.15	1.35	1696.07
3.75	3.15	1.5	1719.02
3.75	3.15	1.65	1744.84
3.75	3.15	1.8	1766.02
3.75	3.15	1.95	1794.4
3.75	3.15	2.1	1808.04
3.75	3.15	2.25	1833.13
3.75	3.15	2.4	1849.65
3.75	3.15	2.55	1874.62
3.75	3.15	2.7	1897.78
3.75	3.15	2.85	1934.17
3.75	3.15	3	1969.76
3.75	3.15	3.15	1999.05
3.75	3.15	3.3	2029.8
3.75	3.15	3.45	2067.52
3.75	3.15	3.6	2110.15
3.75	3.15	3.75	2163.37
3.75	3.15	3.9	2236.75
3.75	3.15	4.05	2296.82
3.75	3.15	4.2	2360.29
3.75	3.15	4.35	2424.34
3.75	3.15	4.5	2501.42
3.75	3.15	4.65	2591.3
3.75	3.15	4.8	2685.71
3.75	3.15	4.95	2803.14
3.75	3.15	5.1	2946.15
3.75	3.15	5.25	3130.21
3.75	3.15	5.4	3349.09
3.75	3.15	5.55	3441.82
3.75	3.15	5.7	3441.82
3.75	3.15	5.85	3441.82
3.75	3.15	6	3441.82
3.75	3.15	6.15	3441.82
3.75	3.15	6.3	3349.64
3.75	3.15	6.45	3127.09
3.75	3.15	6.6	2934.56
3.75	3.15	6.75	2788.23
3.75	3.15	6.9	2669.93
3.75	3.15	7.05	2574.71
3.75	3.15	7.2	2483.45
3.75	3.15	7.35	2407.84
3.75	3.15	7.5	2343.1
3.75	3.15	7.65	2281.79
3.75	3.15	7.8	2224.46
3.75	3.15	7.95	2152.17
3.75	3.15	8.1	2100.59
3.75	3.15	8.25	2059.59
3.75	3.15	8.4	2023.02
3.75	3.15	8.55	1993.42
3.75	3.15	8.7	1965.17
3.75	3.15	8.85	1930.79
3.75	3.15	9	1894.96
3.75	3.15	9.15	1871.8
3.75	3.15	9.3	1847.4
3.75	3.15	9.45	1830.9
3.75	3.15	9.6	1804.66
3.75	3.15	9.75	1792.15
3.75	3.15	9.9	1763.23
3.75	3.15	10.05	1742.05
3.75	3.15	10.2	1716.83
3.75	3.15	10.35	1695.07
3.75	3.15	10.5	1668.26
3.75	3.15	10.65	1632.74
3.75	3.15	10.8	1605.01
3.75	3.15	10.95	1573.08
3.75	3.15	11.1	1578.92
3.75	3.15	11.25	1559.78
3.75	3.15	11.4	0
3.75	3.15	11.55	0
3.75	3.3	0	0
3.75	3.3	0.15	0
3.75	3.3	0.3	0
3.75	3.3	0.45	1568.08
3.75	3.3	0.6	1584.81
3.75	3.3	0.75	1579.52
3.75	3.3	0.9	1610.27
3.75	3.3	1.05	1637.4
3.75	3.3	1.2	1671.83
3.75	3.3	1.35	1698.59
3.75	3.3	1.5	1721.54
3.75	3.3	1.65	1747.36
3.75	3.3	1.8	1768.53
3.75	3.3	1.95	1796.91
3.75	3.3	2.1	1810.56
3.75	3.3	2.25	1835.65
3.75	3.3	2.4	1852.16
3.75	3.3	2.55	1876.82
3.75	3.3	2.7	1893.37
3.75	3.3	2.85	1928.67
3.75	3.3	3	1964.87
3.75	3.3	3.15	1994.76
3.75	3.3	3.3	2028.52
3.75	3.3	3.45	2070.7
3.75	3.3	3.6	2115.82
3.75	3.3	3.75	2167.81
3.75	3.3	3.9	2243.54
3.75	3.3	4.05	2303.54
3.75	3.3	4.2	2364.21
3.75	3.3	4.35	2433.42
3.75	3.3	4.5	2512.83
3.75	3.3	4.65	2603.83
3.75	3.3	4.8	2705.75
3.75	3.3	4.95	2829.94
3.75	3.3	5.1	2991.85
3.75	3.3	5.25	3188.3
3.75	3.3	5.4	3389.64
3.75	3.3	5.55	3443.45
3.75	3.3	5.7	3443.45
3.75	3.3	5.85	3443.45
3.75	3.3	6	3443.45
3.75	3.3	6.15	3443.45
3.75	3.3	6.3	3390.2
3.75	3.3	6.45	3188.12
3.75	3.3	6.6	2987.76
3.75	3.3	6.75	2820.25
3.75	3.3	6.9	2694.01
3.75	3.3	7.05	2591.29
3.75	3.3	7.2	2500.58
3.75	3.3	7.35	2419.83
3.75	3.3	7.5	2352.12
3.75	3.3	7.65	2291.92
3.75	3.3	7.8	2232.39
3.75	3.3	7.95	2158.31
3.75	3.3	8.1	2109.62
3.75	3.3	8.25	2064.47
3.75	3.3	8.4	2023.41
3.75	3.3	8.55	1990.79
3.75	3.3	8.7	1961.4
3.75	3.3	8.85	1925.84
3.75	3.3	9	1891.1
3.75	3.3	9.15	1874.55
3.75	3.3	9.3	1850.47
3.75	3.3	9.45	1833.97
3.75	3.3	9.6	1807.73
3.75	3.3	9.75	1795.22
3.75	3.3	9.9	1766.3
3.75	3.3	10.05	1745.12
3.75	3.3	10.2	1719.9
3.75	3.3	10.35	1698.14
3.75	3.3	10.5	1671.33
3.75	3.3	10.65	1635.82
3.75	3.3	10.8	1606.93
3.75	3.3	10.95	1576.18
3.75	3.3	11.1	1581.96
3.75	3.3	11.25	1562.9
3.75	3.3	11.4	0
3.75	3.3	11.55	0
3.75	3.45	0	0
3.75	3.45	0.15	0
3.75	3.45	0.3	1627.7
3.75	3.45	0.45	1568.96
3.75	3.45	0.6	1585.68
3.75	3.45	0.75	1578.65
3.75	3.45	0.9	1610.57
3.75	3.45	1.05	1637.69
3.75	3.45	1.2	1672.11
3.75	3.45	1.35	1698.88
3.75	3.45	1.5	1721.82
3.75	3.45	1.65	1747.65
3.75	3.45	1.8	1768.82
3.75	3.45	1.95	1797.2
3.75	3.45	2.1	1810.85
3.75	3.45	2.25	1835.94
3.75	3.45	2.4	1852.45
3.75	3.45	2.55	1877.07
3.75	3.45	2.7	1892.84
3.75	3.45	2.85	1923.55
3.75	3.45	3	1959.16
3.75	3.45	3.15	1986.2
3.75	3.45	3.3	2020.26
3.75	3.45	3.45	2071.21
3.75	3.45	3.6	2115.77
3.75	3.45	3.75	2168.51
3.75	3.45	3.9	2245.79
3.75	3.45	4.05	2304.02
3.75	3.45	4.2	2365.89
3.75	3.45	4.35	2438.5
3.75	3.45	4.5	2516.9
3.75	3.45	4.65	2613
3.75	3.45	4.8	2719.37
3.75	3.45	4.95	2847.61
3.75	3.45	5.1	3022.23
3.75	3.45	5.25	3230.46
3.75	3.45	5.4	3409.24
3.75	3.45	5.55	3438.34
3.75	3.45	5.7	3438.34
3.75	3.45	5.85	3438.34
3.75	3.45	6	3438.34
3.75	3.45	6.15	3438.34
3.75	3.45	6.3	3409.24
3.75	3.45	6.45	3231.48
3.75	3.45	6.6	3021.11
3.75	3.45	6.75	2843.1
3.75	3.45	6.9	2710.01
3.75	3.45	7.05	2603.9
3.75	3.45	7.2	2509.32
3.75	3.45	7.35	2428.94
3.75	3.45	7.5	2356.17
3.75	3.45	7.65	2293.55
3.75	3.45	7.8	2238.08
3.75	3.45	7.95	2161.29
3.75	3.45	8.1	2109.6
3.75	3.45	8.25	2065.56
3.75	3.45	8.4	2016.29
3.75	3.45	8.55	1982.24
3.75	3.45	8.7	1955.69
3.75	3.45	8.85	1920.72
3.75	3.45	9	1890.01
3.75	3.45	9.15	1874.25
3.75	3.45	9.3	1850.21
3.75	3.45	9.45	1833.7
3.75	3.45	9.6	1807.46
3.75	3.45	9.75	1794.95
3.75	3.45	9.9	1766.03
3.75	3.45	10.05	1744.85
3.75	3.45	10.2	1719.63
3.75	3.45	10.35	1697.87
3.75	3.45	10.5	1671.06
3.75	3.45	10.65	1635.56
3.75	3.45	10.8	1606.67
3.75	3.45	10.95	1574.76
3.75	3.45	11.1	1581.72
3.75	3.45	11.25	1563.79
3.75	3.45	11.4	1624.74
3.75	3.45	11.55	0
3.75	3.6	0	0
3.75	3.6	0.15	0
3.75	3.6	0.3	1633.14
3.75	3.6	0.45	1572.67
3.75	3.6	0.6	1589.4
3.75	3.6	0.75	1583.54
3.75	3.6	0.9	1615.46
3.75	3.6	1.05	1641.39
3.75	3.6	1.2	1676.99
3.75	3.6	1.35	1703.76
3.75	3.6	1.5	1726.71
3.75	3.6	1.65	1752.53
3.75	3.6	1.8	1773.7
3.75	3.6	1.95	1802.08
3.75	3.6	2.1	1815.73
3.75	3.6	2.25	1840.82
3.75	3.6	2.4	1857.33
3.75	3.6	2.55	1881.96
3.75	3.6	2.7	1897.46
3.75	3.6	2.85	1922.61
3.75	3.6	3	1957.13
3.75	3.6	3.15	1984.59
3.75	3.6	3.3	2024.83
3.75	3.6	3.45	2075.81
3.75	3.6	3.6	2120.41
3.75	3.6	3.75	2169.68
3.75	3.6	3.9	2244.69
3.75	3.6	4.05	2307.01
3.75	3.6	4.2	2374.49
3.75	3.6	4.35	2449.98
3.75	3.6	4.5	2527.81
3.75	3.6	4.65	2619.85
3.75	3.6	4.8	2728.57
3.75	3.6	4.95	2867.68
3.75	3.6	5.1	3048
3.75	3.6	5.25	3265.8
3.75	3.6	5.4	3425.17
3.75	3.6	5.55	3445.3
3.75	3.6	5.7	3445.3
3.75	3.6	5.85	3445.3
3.75	3.6	6	3445.3
3.75	3.6	6.15	3445.3
3.75	3.6	6.3	3425.73
3.75	3.6	6.45	3270.25
3.75	3.6	6.6	3050.88
3.75	3.6	6.75	2868.97
3.75	3.6	6.9	2726.6
3.75	3.6	7.05	2617.01
3.75	3.6	7.2	2524.78
3.75	3.6	7.35	2445.58
3.75	3.6	7.5	2371.06
3.75	3.6	7.65	2301.12
3.75	3.6	7.8	2240.34
3.75	3.6	7.95	2167.56
3.75	3.6	8.1	2116.5
3.75	3.6	8.25	2072.4
3.75	3.6	8.4	2021.97
3.75	3.6	8.55	1981.73
3.75	3.6	8.7	1954.77
3.75	3.6	8.85	1920.89
3.75	3.6	9	1895.75
3.75	3.6	9.15	1880.24
3.75	3.6	9.3	1856.2
3.75	3.6	9.45	1839.69
3.75	3.6	9.6	1813.45
3.75	3.6	9.75	1800.95
3.75	3.6	9.9	1772.03
3.75	3.6	10.05	1750.84
3.75	3.6	10.2	1725.62
3.75	3.6	10.35	1703.86
3.75	3.6	10.5	1677.06
3.75	3.6	10.65	1640.37
3.75	3.6	10.8	1612.68
3.75	3.6	10.95	1580.76
3.75	3.6	11.1	1586.55
3.75	3.6	11.25	1568.06
3.75	3.6	11.4	1630.75
3.75	3.6	11.55	0
3.75	3.75	0	0
3.75	3.75	0.15	0
3.75	3.75	0.3	1633.19
3.75	3.75	0.45	1572.73
3.75	3.75	0.6	1589.45
3.75	3.75	0.75	1583.59
3.75	3.75	0.9	1615.5
3.75	3.75	1.05	1641.44
3.75	3.75	1.2	1677.04
3.75	3.75	1.35	1703.8
3.75	3.75	1.5	1726.75
3.75	3.75	1.65	1752.57
3.75	3.75	1.8	1773.75
3.75	3.75	1.95	1802.13
3.75	3.75	2.1	1815.77
3.75	3.75	2.25	1840.86
3.75	3.75	2.4	1857.38
3.75	3.75	2.55	1882
3.75	3.75	2.7	1897.51
3.75	3.75	2.85	1922.32
3.75	3.75	3	1950.91
3.75	3.75	3.15	1983.65
3.75	3.75	3.3	2023.77
3.75	3.75	3.45	2074.16
3.75	3.75	3.6	2125.05
3.75	3.75	3.75	2174.15
3.75	3.75	3.9	2245.74
3.75	3.75	4.05	2309.65
3.75	3.75	4.2	2377.17
3.75	3.75	4.35	2452.19
3.75	3.75	4.5	2529.45
3.75	3.75	4.65	2620.33
3.75	3.75	4.8	2733.61
3.75	3.75	4.95	2871.57
3.75	3.75	5.1	3054.72
3.75	3.75	5.25	3279.47
3.75	3.75	5.4	3431.23
3.75	3.75	5.55	3445.23
3.75	3.75	5.7	3445.23
3.75	3.75	5.85	3445.23
3.75	3.75	6	3445.23
3.75	3.75	6.15	3445.23
3.75	3.75	6.3	3431.79
3.75	3.75	6.45	3286.16
3.75	3.75	6.6	3064.47
3.75	3.75	6.75	2879.2
3.75	3.75	6.9	2737.39
3.75	3.75	7.05	2620.99
3.75	3.75	7.2	2529.84
3.75	3.75	7.35	2452.41
3.75	3.75	7.5	2376.6
3.75	3.75	7.65	2308.33
3.75	3.75	7.8	2244.3
3.75	3.75	7.95	2172.62
3.75	3.75	8.1	2123.4
3.75	3.75	8.25	2072.45
3.75	3.75	8.4	2022.06
3.75	3.75	8.55	1981.94
3.75	3.75	8.7	1949.11
3.75	3.75	8.85	1920.61
3.75	3.75	9	1895.79
3.75	3.75	9.15	1880.29
3.75	3.75	9.3	1856.24
3.75	3.75	9.45	1839.74
3.75	3.75	9.6	1813.5
3.75	3.75	9.75	1800.99
3.75	3.75	9.9	1772.07
3.75	3.75	10.05	1750.89
3.75	3.75	10.2	1725.66
3.75	3.75	10.35	1703.91
3.75	3.75	10.5	1677.1
3.75	3.75	10.65	1640.42
3.75	3.75	10.8	1612.72
3.75	3.75	10.95	1580.81
3.75	3.75	11.1	1586.6
3.75	3.75	11.25	1568.11
3.75	3.75	11.4	1630.8
3.75	3.75	11.55	0
3.75	3.9	0	0
3.75	3.9	0.15	0
3.75	3.9	0.3	1633.19
3.75	3.9	0.45	1572.73
3.75	3.9	0.6	1589.45
3.75	3.9	0.75	1583.59
3.75	3.9	0.9	1615.5
3.75	3.9	1.05	1641.44
3.75	3.9	1.2	1677.04
3.75	3.9	1.35	1703.8
3.75	3.9	1.5	1726.75
3.75	3.9	1.65	1752.57
3.75	3.9	1.8	1773.75
3.75	3.9	1.95	1802.13
3.75	3.9	2.1	1815.77
3.75	3.9	2.25	1840.86
3.75	3.9	2.4	1857.38
3.75	3.9	2.55	1882
3.75	3.9	2.7	1897.51
3.75	3.9	2.85	1922.32
3.75	3.9	3	1950.33
3.75	3.9	3.15	1983.06
3.75	3.9	3.3	2023.18
3.75	3.9	3.45	2072.99
3.75	3.9	3.6	2123.29
3.75	3.9	3.75	2174.15
3.75	3.9	3.9	2245.15
3.75	3.9	4.05	2307.29
3.75	3.9	4.2	2375.41
3.75	3.9	4.35	2450.42
3.75	3.9	4.5	2527.11
3.75	3.9	4.65	2617.98
3.75	3.9	4.8	2732.43
3.75	3.9	4.95	2870.98
3.75	3.9	5.1	3054.72
3.75	3.9	5.25	3279.47
3.75	3.9	5.4	3431.23
3.75	3.9	5.55	3445.23
3.75	3.9	5.7	3445.23
3.75	3.9	5.85	3445.23
3.75	3.9	6	3445.23
3.75	3.9	6.15	3445.23
3.75	3.9	6.3	3431.79
3.75	3.9	6.45	3287.26
3.75	3.9	6.6	3066.13
3.75	3.9	6.75	2880.86
3.75	3.9	6.9	2738.51
3.75	3.9	7.05	2623.76
3.75	3.9	7.2	2531.5
3.75	3.9	7.35	2454.65
3.75	3.9	7.5	2377.72
3.75	3.9	7.65	2310.56
3.75	3.9	7.8	2246.52
3.75	3.9	7.95	2173.18
3.75	3.9	8.1	2124.51
3.75	3.9	8.25	2073
3.75	3.9	8.4	2022.61
3.75	3.9	8.55	1982.49
3.75	3.9	8.7	1949.11
3.75	3.9	8.85	1920.61
3.75	3.9	9	1895.79
3.75	3.9	9.15	1880.29
3.75	3.9	9.3	1856.24
3.75	3.9	9.45	1839.74
3.75	3.9	9.6	1813.5
3.75	3.9	9.75	1800.99
3.75	3.9	9.9	1772.07
3.75	3.9	10.05	1750.89
3.75	3.9	10.2	1725.66
3.75	3.9	10.35	1703.91
3.75	3.9	10.5	1677.1
3.75	3.9	10.65	1640.42
3.75	3.9	10.8	1612.72
3.75	3.9	10.95	1580.81
3.75	3.9	11.1	1586.6
3.75	3.9	11.25	1568.11
3.75	3.9	11.4	1630.8
3.75	3.9	11.55	0
3.75	4.05	0	0
3.75	4.05	0.15	0
3.75	4.05	0.3	1633.14
3.75	4.05	0.45	1572.67
3.75	4.05	0.6	1589.4
3.75	4.05	0.75	1583.54
3.75	4.05	0.9	1615.46
3.75	4.05	1.05	1641.39
3.75	4.05	1.2	1676.99
3.75	4.05	1.35	1703.76
3.75	4.05	1.5	1726.71
3.75	4.05	1.65	1752.53
3.75	4.05	1.8	1773.7
3.75	4.05	1.95	1802.08
3.75	4.05	2.1	1815.73
3.75	4.05	2.25	1840.82
3.75	4.05	2.4	1857.33
3.75	4.05	2.55	1881.96
3.75	4.05	2.7	1897.46
3.75	4.05	2.85	1922.61
3.75	4.05	3	1956.54
3.75	4.05	3.15	1983.41
3.75	4.05	3.3	2023.65
3.75	4.05	3.45	2072.88
3.75	4.05	3.6	2117.47
3.75	4.05	3.75	2166.75
3.75	4.05	3.9	2240
3.75	4.05	4.05	2300.54
3.75	4.05	4.2	2368.6
3.75	4.05	4.35	2444.68
3.75	4.05	4.5	2521.93
3.75	4.05	4.65	2613.98
3.75	4.05	4.8	2720.33
3.75	4.05	4.95	2860.61
3.75	4.05	5.1	3042.72
3.75	4.05	5.25	3265.8
3.75	4.05	5.4	3425.17
3.75	4.05	5.55	3445.3
3.75	4.05	5.7	3445.3
3.75	4.05	5.85	3445.3
3.75	4.05	6	3445.3
3.75	4.05	6.15	3445.3
3.75	4.05	6.3	3426.84
3.75	4.05	6.45	3276.38
3.75	4.05	6.6	3058.68
3.75	4.05	6.75	2875.08
3.75	4.05	6.9	2732.71
3.75	4.05	7.05	2622.57
3.75	4.05	7.2	2530.36
3.75	4.05	7.35	2451.72
3.75	4.05	7.5	2376.64
3.75	4.05	7.65	2307.8
3.75	4.05	7.8	2243.68
3.75	4.05	7.95	2169.79
3.75	4.05	8.1	2119.28
3.75	4.05	8.25	2074.07
3.75	4.05	8.4	2023.09
3.75	4.05	8.55	1982.84
3.75	4.05	8.7	1955.32
3.75	4.05	8.85	1920.89
3.75	4.05	9	1895.75
3.75	4.05	9.15	1880.24
3.75	4.05	9.3	1856.2
3.75	4.05	9.45	1839.69
3.75	4.05	9.6	1813.45
3.75	4.05	9.75	1800.95
3.75	4.05	9.9	1772.03
3.75	4.05	10.05	1750.84
3.75	4.05	10.2	1725.62
3.75	4.05	10.35	1703.86
3.75	4.05	10.5	1677.06
3.75	4.05	10.65	1640.37
3.75	4.05	10.8	1612.68
3.75	4.05	10.95	1580.76
3.75	4.05	11.1	1586.55
3.75	4.05	11.25	1568.06
3.75	4.05	11.4	1630.75
3.75	4.05	11.55	0
3.75	4.2	0	0
3.75	4.2	0.15	0
3.75	4.2	0.3	1627.14
3.75	4.2	0.45	1568.41
3.75	4.2	0.6	1584.57
3.75	4.2	0.75	1577.54
3.75	4.2	0.9	1609.45
3.75	4.2	1.05	1636.58
3.75	4.2	1.2	1671
3.75	4.2	1.35	1697.77
3.75	4.2	1.5	1720.71
3.75	4.2	1.65	1746.53
3.75	4.2	1.8	1767.71
3.75	4.2	1.95	1796.09
3.75	4.2	2.1	1809.73
3.75	4.2	2.25	1834.83
3.75	4.2	2.4	1851.34
3.75	4.2	2.55	1875.96
3.75	4.2	2.7	1891.73
3.75	4.2	2.85	1921.85
3.75	4.2	3	1956.87
3.75	4.2	3.15	1983.33
3.75	4.2	3.3	2016.8
3.75	4.2	3.45	2066.57
3.75	4.2	3.6	2111.13
3.75	4.2	3.75	2161.52
3.75	4.2	3.9	2237.04
3.75	4.2	4.05	2292.92
3.75	4.2	4.2	2355.36
3.75	4.2	4.35	2426.79
3.75	4.2	4.5	2507.56
3.75	4.2	4.65	2600.14
3.75	4.2	4.8	2705.33
3.75	4.2	4.95	2833.57
3.75	4.2	5.1	3014.06
3.75	4.2	5.25	3228.77
3.75	4.2	5.4	3409.3
3.75	4.2	5.55	3438.41
3.75	4.2	5.7	3438.41
3.75	4.2	5.85	3438.41
3.75	4.2	6	3438.41
3.75	4.2	6.15	3438.41
3.75	4.2	6.3	3412.08
3.75	4.2	6.45	3242.12
3.75	4.2	6.6	3033.42
3.75	4.2	6.75	2853.73
3.75	4.2	6.9	2722.86
3.75	4.2	7.05	2615.09
3.75	4.2	7.2	2520.53
3.75	4.2	7.35	2439.6
3.75	4.2	7.5	2367.39
3.75	4.2	7.65	2303.08
3.75	4.2	7.8	2245.93
3.75	4.2	7.95	2168.03
3.75	4.2	8.1	2114.68
3.75	4.2	8.25	2070.08
3.75	4.2	8.4	2019.13
3.75	4.2	8.55	1984.52
3.75	4.2	8.7	1957.42
3.75	4.2	8.85	1921.9
3.75	4.2	9	1891.19
3.75	4.2	9.15	1875.43
3.75	4.2	9.3	1851.38
3.75	4.2	9.45	1834.88
3.75	4.2	9.6	1808.64
3.75	4.2	9.75	1796.13
3.75	4.2	9.9	1767.21
3.75	4.2	10.05	1746.03
3.75	4.2	10.2	1720.8
3.75	4.2	10.35	1699.05
3.75	4.2	10.5	1672.24
3.75	4.2	10.65	1636.15
3.75	4.2	10.8	1607.85
3.75	4.2	10.95	1575.93
3.75	4.2	11.1	1582.31
3.75	4.2	11.25	1564.96
3.75	4.2	11.4	1625.92
3.75	4.2	11.55	0
3.75	4.35	0	0
3.75	4.35	0.15	0
3.75	4.35	0.3	0
3.75	4.35	0.45	1567.52
3.75	4.35	0.6	1584.81
3.75	4.35	0.75	1578.96
3.75	4.35	0.9	1609.71
3.75	4.35	1.05	1636.84
3.75	4.35	1.2	1671.27
3.75	4.35	1.35	1698.04
3.75	4.35	1.5	1720.98
3.75	4.35	1.65	1746.8
3.75	4.35	1.8	1767.98
3.75	4.35	1.95	1796.36
3.75	4.35	2.1	1810
3.75	4.35	2.25	1835.09
3.75	4.35	2.4	1851.61
3.75	4.35	2.55	1876.26
3.75	4.35	2.7	1892.82
3.75	4.35	2.85	1927.53
3.75	4.35	3	1962.55
3.75	4.35	3.15	1991.85
3.75	4.35	3.3	2023.85
3.75	4.35	3.45	2065.44
3.75	4.35	3.6	2108.8
3.75	4.35	3.75	2159.03
3.75	4.35	3.9	2233
3.75	4.35	4.05	2290.64
3.75	4.35	4.2	2349.54
3.75	4.35	4.35	2418.74
3.75	4.35	4.5	2497.57
3.75	4.35	4.65	2588.58
3.75	4.35	4.8	2688.15
3.75	4.35	4.95	2812.91
3.75	4.35	5.1	2980.12
3.75	4.35	5.25	3184.81
3.75	4.35	5.4	3389.68
3.75	4.35	5.55	3443.48
3.75	4.35	5.7	3443.48
3.75	4.35	5.85	3443.48
3.75	4.35	6	3443.48
3.75	4.35	6.15	3443.48
3.75	4.35	6.3	3395.79
3.75	4.35	6.45	3201.51
3.75	4.35	6.6	3002.82
3.75	4.35	6.75	2836.4
3.75	4.35	6.9	2709.62
3.75	4.35	7.05	2607.47
3.75	4.35	7.2	2514.55
3.75	4.35	7.35	2434.36
3.75	4.35	7.5	2364.41
3.75	4.35	7.65	2303.1
3.75	4.35	7.8	2243
3.75	4.35	7.95	2166.69
3.75	4.35	8.1	2114.66
3.75	4.35	8.25	2069.51
3.75	4.35	8.4	2026.78
3.75	4.35	8.55	1993.05
3.75	4.35	8.7	1963.1
3.75	4.35	8.85	1926.99
3.75	4.35	9	1891.69
3.75	4.35	9.15	1875.14
3.75	4.35	9.3	1851.06
3.75	4.35	9.45	1834.56
3.75	4.35	9.6	1808.32
3.75	4.35	9.75	1795.81
3.75	4.35	9.9	1766.89
3.75	4.35	10.05	1745.71
3.75	4.35	10.2	1720.48
3.75	4.35	10.35	1698.73
3.75	4.35	10.5	1671.92
3.75	4.35	10.65	1636.41
3.75	4.35	10.8	1607.52
3.75	4.35	10.95	1576.18
3.75	4.35	11.1	1582.55
3.75	4.35	11.25	1563.49
3.75	4.35	11.4	0
3.75	4.35	11.55	0
3.75	4.5	0	0
3.75	4.5	0.15	0
3.75	4.5	0.3	0
3.75	4.5	0.45	1564.4
3.75	4.5	0.6	1581.77
3.75	4.5	0.75	1575.86
3.75	4.5	0.9	1607.79
3.75	4.5	1.05	1633.76
3.75	4.5	1.2	1668.2
3.75	4.5	1.35	1694.97
3.75	4.5	1.5	1717.91
3.75	4.5	1.65	1743.73
3.75	4.5	1.8	1764.91
3.75	4.5	1.95	1793.29
3.75	4.5	2.1	1806.93
3.75	4.5	2.25	1832.02
3.75	4.5	2.4	1848.54
3.75	4.5	2.55	1873.51
3.75	4.5	2.7	1896.08
3.75	4.5	2.85	1931.88
3.75	4.5	3	1966.89
3.75	4.5	3.15	1995
3.75	4.5	3.3	2023.99
3.75	4.5	3.45	2061.12
3.75	4.5	3.6	2102
3.75	4.5	3.75	2151.69
3.75	4.5	3.9	2223.3
3.75	4.5	4.05	2281.01
3.75	4.5	4.2	2342.12
3.75	4.5	4.35	2404.99
3.75	4.5	4.5	2482.67
3.75	4.5	4.65	2570.79
3.75	4.5	4.8	2663.45
3.75	4.5	4.95	2780.86
3.75	4.5	5.1	2929.17
3.75	4.5	5.25	3123.82
3.75	4.5	5.4	3349.15
3.75	4.5	5.55	3441.88
3.75	4.5	5.7	3441.88
3.75	4.5	5.85	3441.88
3.75	4.5	6	3441.88
3.75	4.5	6.15	3441.88
3.75	4.5	6.3	3359.72
3.75	4.5	6.45	3145.52
3.75	4.5	6.6	2956.31
3.75	4.5	6.75	2808.86
3.75	4.5	6.9	2689.47
3.75	4.5	7.05	2594.25
3.75	4.5	7.2	2503.01
3.75	4.5	7.35	2425.18
3.75	4.5	7.5	2359.32
3.75	4.5	7.65	2296.9
3.75	4.5	7.8	2236.21
3.75	4.5	7.95	2162.25
3.75	4.5	8.1	2109
3.75	4.5	8.25	2065.78
3.75	4.5	8.4	2028.09
3.75	4.5	8.55	1997.37
3.75	4.5	8.7	1968.01
3.75	4.5	8.85	1932.51
3.75	4.5	9	1896.13
3.75	4.5	9.15	1872.97
3.75	4.5	9.3	1848.58
3.75	4.5	9.45	1832.07
3.75	4.5	9.6	1805.83
3.75	4.5	9.75	1793.32
3.75	4.5	9.9	1764.4
3.75	4.5	10.05	1743.22
3.75	4.5	10.2	1718
3.75	4.5	10.35	1696.24
3.75	4.5	10.5	1669.43
3.75	4.5	10.65	1633.91
3.75	4.5	10.8	1605.6
3.75	4.5	10.95	1574.25
3.75	4.5	11.1	1579.51
3.75	4.5	11.25	1560.95
3.75	4.5	11.4	0
3.75	4.5	11.55	0
3.75	4.65	0	0
3.75	4.65	0.15	0
3.75	4.65	0.3	0
3.75	4.65	0.45	1555.52
3.75	4.65	0.6	1575.19
3.75	4.65	0.75	1568.19
3.75	4.65	0.9	1600.05
3.75	4.65	1.05	1627.22
3.75	4.65	1.2	1660.49
3.75	4.65	1.35	1687.26
3.75	4.65	1.5	1710.2
3.75	4.65	1.65	1736.02
3.75	4.65	1.8	1757.2
3.75	4.65	1.95	1785.58
3.75	4.65	2.1	1799.22
3.75	4.65	2.25	1824.31
3.75	4.65	2.4	1840.84
3.75	4.65	2.55	1866.23
3.75	4.65	2.7	1891.21
3.75	4.65	2.85	1927.03
3.75	4.65	3	1964.37
3.75	4.65	3.15	1993.64
3.75	4.65	3.3	2023.17
3.75	4.65	3.45	2060.05
3.75	4.65	3.6	2098.15
3.75	4.65	3.75	2141.4
3.75	4.65	3.9	2212.4
3.75	4.65	4.05	2267.85
3.75	4.65	4.2	2326.72
3.75	4.65	4.35	2392.37
3.75	4.65	4.5	2463.79
3.75	4.65	4.65	2543.78
3.75	4.65	4.8	2638.85
3.75	4.65	4.95	2749.74
3.75	4.65	5.1	2873.45
3.75	4.65	5.25	3050.69
3.75	4.65	5.4	3286.72
3.75	4.65	5.55	3430.74
3.75	4.65	5.7	3440.2
3.75	4.65	5.85	3440.2
3.75	4.65	6	3440.2
3.75	4.65	6.15	3432.96
3.75	4.65	6.3	3301.75
3.75	4.65	6.45	3077.4
3.75	4.65	6.6	2905.04
3.75	4.65	6.75	2781.11
3.75	4.65	6.9	2669.99
3.75	4.65	7.05	2571.21
3.75	4.65	7.2	2489.26
3.75	4.65	7.35	2414.27
3.75	4.65	7.5	2347.91
3.75	4.65	7.65	2286.07
3.75	4.65	7.8	2227.64
3.75	4.65	7.95	2154.29
3.75	4.65	8.1	2107.5
3.75	4.65	8.25	2067.05
3.75	4.65	8.4	2028.45
3.75	4.65	8.55	1997.19
3.75	4.65	8.7	1966.09
3.75	4.65	8.85	1928.83
3.75	4.65	9	1891.85
3.75	4.65	9.15	1866.29
3.75	4.65	9.3	1841.47
3.75	4.65	9.45	1824.95
3.75	4.65	9.6	1798.71
3.75	4.65	9.75	1786.21
3.75	4.65	9.9	1757.28
3.75	4.65	10.05	1736.1
3.75	4.65	10.2	1710.88
3.75	4.65	10.35	1689.12
3.75	4.65	10.5	1662.31
3.75	4.65	10.65	1627.37
3.75	4.65	10.8	1599.04
3.75	4.65	10.95	1566.58
3.75	4.65	11.1	1573.52
3.75	4.65	11.25	1552.67
3.75	4.65	11.4	0
3.75	4.65	11.55	0
3.75	4.8	0	0
3.75	4.8	0.15	0
3.75	4.8	0.3	0
3.75	4.8	0.45	1547.77
3.75	4.8	0.6	1569.78
3.75	4.8	0.75	1562.73
3.75	4.8	0.9	1593.5
3.75	4.8	1.05	1620.61
3.75	4.8	1.2	1655.09
3.75	4.8	1.35	1680.67
3.75	4.8	1.5	1703.62
3.75	4.8	1.65	1729.44
3.75	4.8	1.8	1750.62
3.75	4.8	1.95	1779
3.75	4.8	2.1	1792.64
3.75	4.8	2.25	1817.73
3.75	4.8	2.4	1834.52
3.75	4.8	2.55	1864.86
3.75	4.8	2.7	1890.93
3.75	4.8	2.85	1926.73
3.75	4.8	3	1963.5
3.75	4.8	3.15	1990.49
3.75	4.8	3.3	2020.55
3.75	4.8	3.45	2058.56
3.75	4.8	3.6	2096.42
3.75	4.8	3.75	2135.33
3.75	4.8	3.9	2199.81
3.75	4.8	4.05	2253.98
3.75	4.8	4.2	2308.3
3.75	4.8	4.35	2373.44
3.75	4.8	4.5	2440.77
3.75	4.8	4.65	2516.89
3.75	4.8	4.8	2607.85
3.75	4.8	4.95	2707.22
3.75	4.8	5.1	2818.29
3.75	4.8	5.25	2969.82
3.75	4.8	5.4	3191.44
3.75	4.8	5.55	3389.14
3.75	4.8	5.7	3436.16
3.75	4.8	5.85	3436.16
3.75	4.8	6	3436.16
3.75	4.8	6.15	3396.93
3.75	4.8	6.3	3214.25
3.75	4.8	6.45	3002.09
3.75	4.8	6.6	2853.23
3.75	4.8	6.75	2743.08
3.75	4.8	6.9	2642.92
3.75	4.8	7.05	2549.42
3.75	4.8	7.2	2468.53
3.75	4.8	7.35	2399.91
3.75	4.8	7.5	2331.22
3.75	4.8	7.65	2274.51
3.75	4.8	7.8	2217.37
3.75	4.8	7.95	2149.98
3.75	4.8	8.1	2107.53
3.75	4.8	8.25	2066.73
3.75	4.8	8.4	2026.41
3.75	4.8	8.55	1995.8
3.75	4.8	8.7	1966.39
3.75	4.8	8.85	1929.13
3.75	4.8	9	1892.74
3.75	4.8	9.15	1865.5
3.75	4.8	9.3	1835.73
3.75	4.8	9.45	1818.96
3.75	4.8	9.6	1792.72
3.75	4.8	9.75	1780.21
3.75	4.8	9.9	1751.29
3.75	4.8	10.05	1730.11
3.75	4.8	10.2	1704.88
3.75	4.8	10.35	1683.13
3.75	4.8	10.5	1656.91
3.75	4.8	10.65	1621.94
3.75	4.8	10.8	1592.49
3.75	4.8	10.95	1561.71
3.75	4.8	11.1	1568.69
3.75	4.8	11.25	1545.5
3.75	4.8	11.4	0
3.75	4.8	11.55	0
3.75	4.95	0	0
3.75	4.95	0.15	0
3.75	4.95	0.3	0
3.75	4.95	0.45	1537.8
3.75	4.95	0.6	1562.62
3.75	4.95	0.75	1555.04
3.75	4.95	0.9	1586.93
3.75	4.95	1.05	1614.05
3.75	4.95	1.2	1647.37
3.75	4.95	1.35	1672.97
3.75	4.95	1.5	1695.91
3.75	4.95	1.65	1721.73
3.75	4.95	1.8	1742.91
3.75	4.95	1.95	1771.29
3.75	4.95	2.1	1784.93
3.75	4.95	2.25	1810.03
3.75	4.95	2.4	1826.99
3.75	4.95	2.55	1860.28
3.75	4.95	2.7	1887.5
3.75	4.95	2.85	1924.47
3.75	4.95	3	1961.22
3.75	4.95	3.15	1988.21
3.75	4.95	3.3	2018.31
3.75	4.95	3.45	2059.14
3.75	4.95	3.6	2095.31
3.75	4.95	3.75	2133.88
3.75	4.95	3.9	2192.88
3.75	4.95	4.05	2240.54
3.75	4.95	4.2	2294.51
3.75	4.95	4.35	2351.56
3.75	4.95	4.5	2419.69
3.75	4.95	4.65	2493.92
3.75	4.95	4.8	2572.81
3.75	4.95	4.95	2660.86
3.75	4.95	5.1	2760.98
3.75	4.95	5.25	2893.55
3.75	4.95	5.4	3092.55
3.75	4.95	5.55	3312.9
3.75	4.95	5.7	3430.01
3.75	4.95	5.85	3434.46
3.75	4.95	6	3431.12
3.75	4.95	6.15	3327.36
3.75	4.95	6.3	3122.58
3.75	4.95	6.45	2929.71
3.75	4.95	6.6	2799.79
3.75	4.95	6.75	2700.05
3.75	4.95	6.9	2611.78
3.75	4.95	7.05	2528.15
3.75	4.95	7.2	2450.27
3.75	4.95	7.35	2378.59
3.75	4.95	7.5	2318.56
3.75	4.95	7.65	2262.22
3.75	4.95	7.8	2210.44
3.75	4.95	7.95	2148.53
3.75	4.95	8.1	2107.02
3.75	4.95	8.25	2067.89
3.75	4.95	8.4	2024.18
3.75	4.95	8.55	1993.52
3.75	4.95	8.7	1964.11
3.75	4.95	8.85	1926.28
3.75	4.95	9	1888.73
3.75	4.95	9.15	1860.92
3.75	4.95	9.3	1827.62
3.75	4.95	9.45	1810.66
3.75	4.95	9.6	1784.43
3.75	4.95	9.75	1771.92
3.75	4.95	9.9	1743
3.75	4.95	10.05	1721.82
3.75	4.95	10.2	1696.59
3.75	4.95	10.35	1674.83
3.75	4.95	10.5	1649.19
3.75	4.95	10.65	1614.21
3.75	4.95	10.8	1585.32
3.75	4.95	10.95	1553.43
3.75	4.95	11.1	1561.54
3.75	4.95	11.25	1534.95
3.75	4.95	11.4	0
3.75	4.95	11.55	0
3.75	5.1	0	0
3.75	5.1	0.15	0
3.75	5.1	0.3	0
3.75	5.1	0.45	0
3.75	5.1	0.6	1552.22
3.75	5.1	0.75	1547.01
3.75	5.1	0.9	1577.75
3.75	5.1	1.05	1605.99
3.75	5.1	1.2	1639.33
3.75	5.1	1.35	1664.96
3.75	5.1	1.5	1686.72
3.75	5.1	1.65	1712.54
3.75	5.1	1.8	1733.72
3.75	5.1	1.95	1762.1
3.75	5.1	2.1	1775.74
3.75	5.1	2.25	1800.99
3.75	5.1	2.4	1820.73
3.75	5.1	2.55	1855.66
3.75	5.1	2.7	1882.3
3.75	5.1	2.85	1919.85
3.75	5.1	3	1956.07
3.75	5.1	3.15	1984.15
3.75	5.1	3.3	2013.63
3.75	5.1	3.45	2054.98
3.75	5.1	3.6	2091.25
3.75	5.1	3.75	2129.28
3.75	5.1	3.9	2188.58
3.75	5.1	4.05	2229.46
3.75	5.1	4.2	2274.22
3.75	5.1	4.35	2330.35
3.75	5.1	4.5	2394.96
3.75	5.1	4.65	2462.95
3.75	5.1	4.8	2534.89
3.75	5.1	4.95	2611.99
3.75	5.1	5.1	2701.37
3.75	5.1	5.25	2818.34
3.75	5.1	5.4	2990.97
3.75	5.1	5.55	3197.68
3.75	5.1	5.7	3382.84
3.75	5.1	5.85	3434.33
3.75	5.1	6	3390.62
3.75	5.1	6.15	3222.71
3.75	5.1	6.3	3027.13
3.75	5.1	6.45	2859.5
3.75	5.1	6.6	2744.65
3.75	5.1	6.75	2654.5
3.75	5.1	6.9	2575.54
3.75	5.1	7.05	2501.15
3.75	5.1	7.2	2428.46
3.75	5.1	7.35	2359.71
3.75	5.1	7.5	2300.61
3.75	5.1	7.65	2252.32
3.75	5.1	7.8	2208.5
3.75	5.1	7.95	2145.7
3.75	5.1	8.1	2105.31
3.75	5.1	8.25	2065.52
3.75	5.1	8.4	2021.85
3.75	5.1	8.55	1990.64
3.75	5.1	8.7	1961.32
3.75	5.1	8.85	1923.42
3.75	5.1	9	1885.3
3.75	5.1	9.15	1857.48
3.75	5.1	9.3	1822.54
3.75	5.1	9.45	1802.81
3.75	5.1	9.6	1776.42
3.75	5.1	9.75	1763.91
3.75	5.1	9.9	1734.99
3.75	5.1	10.05	1713.81
3.75	5.1	10.2	1688.58
3.75	5.1	10.35	1667.42
3.75	5.1	10.5	1641.75
3.75	5.1	10.65	1607.33
3.75	5.1	10.8	1577.33
3.75	5.1	10.95	1546.59
3.75	5.1	11.1	1552.32
3.75	5.1	11.25	0
3.75	5.1	11.4	0
3.75	5.1	11.55	0
3.75	5.25	0	0
3.75	5.25	0.15	0
3.75	5.25	0.3	0
3.75	5.25	0.45	0
3.75	5.25	0.6	1541.95
3.75	5.25	0.75	1540.76
3.75	5.25	0.9	1569.78
3.75	5.25	1.05	1598.04
3.75	5.25	1.2	1632.51
3.75	5.25	1.35	1656.98
3.75	5.25	1.5	1678.76
3.75	5.25	1.65	1704.58
3.75	5.25	1.8	1725.75
3.75	5.25	1.95	1754.13
3.75	5.25	2.1	1767.78
3.75	5.25	2.25	1793.22
3.75	5.25	2.4	1816.79
3.75	5.25	2.55	1851.97
3.75	5.25	2.7	1878.62
3.75	5.25	2.85	1915.59
3.75	5.25	3	1950.65
3.75	5.25	3.15	1978.19
3.75	5.25	3.3	2009.96
3.75	5.25	3.45	2051.9
3.75	5.25	3.6	2088.71
3.75	5.25	3.75	2124.46
3.75	5.25	3.9	2183.72
3.75	5.25	4.05	2221.01
3.75	5.25	4.2	2264.79
3.75	5.25	4.35	2316.71
3.75	5.25	4.5	2374.88
3.75	5.25	4.65	2433.68
3.75	5.25	4.8	2497.66
3.75	5.25	4.95	2565.09
3.75	5.25	5.1	2643.46
3.75	5.25	5.25	2742.66
3.75	5.25	5.4	2888.34
3.75	5.25	5.55	3067.4
3.75	5.25	5.7	3282.74
3.75	5.25	5.85	3398.07
3.75	5.25	6	3300.54
3.75	5.25	6.15	3103.56
3.75	5.25	6.3	2930.63
3.75	5.25	6.45	2789.39
3.75	5.25	6.6	2689.49
3.75	5.25	6.75	2608.64
3.75	5.25	6.9	2539.38
3.75	5.25	7.05	2471.28
3.75	5.25	7.2	2408.34
3.75	5.25	7.35	2346.6
3.75	5.25	7.5	2291.16
3.75	5.25	7.65	2243.86
3.75	5.25	7.8	2203.63
3.75	5.25	7.95	2141.46
3.75	5.25	8.1	2102.77
3.75	5.25	8.25	2062.42
3.75	5.25	8.4	2018.17
3.75	5.25	8.55	1984.08
3.75	5.25	8.7	1955.89
3.75	5.25	8.85	1918.57
3.75	5.25	9	1881.01
3.75	5.25	9.15	1853.78
3.75	5.25	9.3	1818.01
3.75	5.25	9.45	1794.44
3.75	5.25	9.6	1767.85
3.75	5.25	9.75	1755.35
3.75	5.25	9.9	1726.42
3.75	5.25	10.05	1705.24
3.75	5.25	10.2	1680.02
3.75	5.25	10.35	1658.84
3.75	5.25	10.5	1634.33
3.75	5.25	10.65	1598.78
3.75	5.25	10.8	1568.76
3.75	5.25	10.95	1540.33
3.75	5.25	11.1	1541.45
3.75	5.25	11.25	0
3.75	5.25	11.4	0
3.75	5.25	11.55	0
3.75	5.4	0	0
3.75	5.4	0.15	0
3.75	5.4	0.3	0
3.75	5.4	0.45	0
3.75	5.4	0.6	0
3.75	5.4	0.75	1528.92
3.75	5.4	0.9	1560.41
3.75	5.4	1.05	1587.52
3.75	5.4	1.2	1623.1
3.75	5.4	1.35	1647.61
3.75	5.4	1.5	1669.42
3.75	5.4	1.65	1694.06
3.75	5.4	1.8	1715.24
3.75	5.4	1.95	1743.62
3.75	5.4	2.1	1757.28
3.75	5.4	2.25	1783.09
3.75	5.4	2.4	1808.27
3.75	5.4	2.55	1844.61
3.75	5.4	2.7	1873.01
3.75	5.4	2.85	1910.53
3.75	5.4	3	1945.56
3.75	5.4	3.15	1973.08
3.75	5.4	3.3	2006.52
3.75	5.4	3.45	2045.67
3.75	5.4	3.6	2083.03
3.75	5.4	3.75	2117.05
3.75	5.4	3.9	2175.77
3.75	5.4	4.05	2215.38
3.75	5.4	4.2	2260.7
3.75	5.4	4.35	2307.21
3.75	5.4	4.5	2355.38
3.75	5.4	4.65	2407
3.75	5.4	4.8	2462.77
3.75	5.4	4.95	2523.37
3.75	5.4	5.1	2595.53
3.75	5.4	5.25	2685.25
3.75	5.4	5.4	2799.76
3.75	5.4	5.55	2939.54
3.75	5.4	5.7	3127.74
3.75	5.4	5.85	3239.38
3.75	5.4	6	3160.01
3.75	5.4	6.15	2983.51
3.75	5.4	6.3	2847.08
3.75	5.4	6.45	2735.33
3.75	5.4	6.6	2643.73
3.75	5.4	6.75	2568.03
3.75	5.4	6.9	2504.46
3.75	5.4	7.05	2444.58
3.75	5.4	7.2	2390.57
3.75	5.4	7.35	2337.7
3.75	5.4	7.5	2288.25
3.75	5.4	7.65	2240
3.75	5.4	7.8	2196.27
3.75	5.4	7.95	2135.23
3.75	5.4	8.1	2098.26
3.75	5.4	8.25	2057.95
3.75	5.4	8.4	2015.89
3.75	5.4	8.55	1980.15
3.75	5.4	8.7	1951.98
3.75	5.4	8.85	1914.1
3.75	5.4	9	1875.99
3.75	5.4	9.15	1847.6
3.75	5.4	9.3	1810.66
3.75	5.4	9.45	1784.9
3.75	5.4	9.6	1757.94
3.75	5.4	9.75	1745.42
3.75	5.4	9.9	1716.5
3.75	5.4	10.05	1695.32
3.75	5.4	10.2	1670.68
3.75	5.4	10.35	1650.06
3.75	5.4	10.5	1625.52
3.75	5.4	10.65	1588.85
3.75	5.4	10.8	1559.99
3.75	5.4	10.95	1529.07
3.75	5.4	11.1	0
3.75	5.4	11.25	0
3.75	5.4	11.4	0
3.75	5.4	11.55	0
3.75	5.55	0	0
3.75	5.55	0.15	0
3.75	5.55	0.3	0
3.75	5.55	0.45	0
3.75	5.55	0.6	0
3.75	5.55	0.75	1508.36
3.75	5.55	0.9	1548.29
3.75	5.55	1.05	1574.13
3.75	5.55	1.2	1608.57
3.75	5.55	1.35	1634.2
3.75	5.55	1.5	1656.04
3.75	5.55	1.65	1679.53
3.75	5.55	1.8	1700.71
3.75	5.55	1.95	1729.09
3.75	5.55	2.1	1742.92
3.75	5.55	2.25	1771.75
3.75	5.55	2.4	1797.71
3.75	5.55	2.55	1833.47
3.75	5.55	2.7	1861.31
3.75	5.55	2.85	1897.17
3.75	5.55	3	1933.32
3.75	5.55	3.15	1960.26
3.75	5.55	3.3	1993.68
3.75	5.55	3.45	2032.24
3.75	5.55	3.6	2067.91
3.75	5.55	3.75	2104.9
3.75	5.55	3.9	2164.15
3.75	5.55	4.05	2205.95
3.75	5.55	4.2	2247.83
3.75	5.55	4.35	2291.42
3.75	5.55	4.5	2334.53
3.75	5.55	4.65	2377.44
3.75	5.55	4.8	2423.09
3.75	5.55	4.95	2474.98
3.75	5.55	5.1	2541.73
3.75	5.55	5.25	2621.2
3.75	5.55	5.4	2714.95
3.75	5.55	5.55	2819.55
3.75	5.55	5.7	2900.49
3.75	5.55	5.85	2931.49
3.75	5.55	6	2933.35
3.75	5.55	6.15	2868.54
3.75	5.55	6.3	2766.72
3.75	5.55	6.45	2672.92
3.75	5.55	6.6	2589.93
3.75	5.55	6.75	2520.2
3.75	5.55	6.9	2464.75
3.75	5.55	7.05	2414.98
3.75	5.55	7.2	2368.54
3.75	5.55	7.35	2321.91
3.75	5.55	7.5	2274.8
3.75	5.55	7.65	2229.98
3.75	5.55	7.8	2185.23
3.75	5.55	7.95	2122.49
3.75	5.55	8.1	2082.56
3.75	5.55	8.25	2044.53
3.75	5.55	8.4	2003.06
3.75	5.55	8.55	1967.32
3.75	5.55	8.7	1939.15
3.75	5.55	8.85	1901.33
3.75	5.55	9	1864.29
3.75	5.55	9.15	1835.87
3.75	5.55	9.3	1799.52
3.75	5.55	9.45	1772.98
3.75	5.55	9.6	1743
3.75	5.55	9.75	1730.3
3.75	5.55	9.9	1701.38
3.75	5.55	10.05	1680.2
3.75	5.55	10.2	1656.72
3.75	5.55	10.35	1636.07
3.75	5.55	10.5	1610.4
3.75	5.55	10.65	1574.87
3.75	5.55	10.8	1547.87
3.75	5.55	10.95	1507.94
3.75	5.55	11.1	0
3.75	5.55	11.25	0
3.75	5.55	11.4	0
3.75	5.55	11.55	0
3.75	5.7	0	0
3.75	5.7	0.15	0
3.75	5.7	0.3	0
3.75	5.7	0.45	0
3.75	5.7	0.6	0
3.75	5.7	0.75	0
3.75	5.7	0.9	1523.94
3.75	5.7	1.05	1559.83
3.75	5.7	1.2	1595.82
3.75	5.7	1.35	1621.88
3.75	5.7	1.5	1643.69
3.75	5.7	1.65	1667.21
3.75	5.7	1.8	1687.22
3.75	5.7	1.95	1715.6
3.75	5.7	2.1	1729.55
3.75	5.7	2.25	1760.28
3.75	5.7	2.4	1787.09
3.75	5.7	2.55	1822.83
3.75	5.7	2.7	1850.09
3.75	5.7	2.85	1885.95
3.75	5.7	3	1921.54
3.75	5.7	3.15	1947.88
3.75	5.7	3.3	1981.29
3.75	5.7	3.45	2021.67
3.75	5.7	3.6	2057.89
3.75	5.7	3.75	2097.13
3.75	5.7	3.9	2154.06
3.75	5.7	4.05	2194.69
3.75	5.7	4.2	2234.87
3.75	5.7	4.35	2276.21
3.75	5.7	4.5	2316.98
3.75	5.7	4.65	2354.88
3.75	5.7	4.8	2394.61
3.75	5.7	4.95	2440.53
3.75	5.7	5.1	2504.77
3.75	5.7	5.25	2573.21
3.75	5.7	5.4	2642.73
3.75	5.7	5.55	2660.84
3.75	5.7	5.7	2626.13
3.75	5.7	5.85	2622.6
3.75	5.7	6	2648.99
3.75	5.7	6.15	2702.07
3.75	5.7	6.3	2693.95
3.75	5.7	6.45	2624.89
3.75	5.7	6.6	2552.93
3.75	5.7	6.75	2485.72
3.75	5.7	6.9	2435.69
3.75	5.7	7.05	2391.84
3.75	5.7	7.2	2351.59
3.75	5.7	7.35	2307.87
3.75	5.7	7.5	2263.6
3.75	5.7	7.65	2219.9
3.75	5.7	7.8	2177.5
3.75	5.7	7.95	2116.48
3.75	5.7	8.1	2074.89
3.75	5.7	8.25	2035.73
3.75	5.7	8.4	1991.85
3.75	5.7	8.55	1956.71
3.75	5.7	8.7	1928.54
3.75	5.7	8.85	1891.87
3.75	5.7	9	1854.24
3.75	5.7	9.15	1826.41
3.75	5.7	9.3	1790.07
3.75	5.7	9.45	1762.68
3.75	5.7	9.6	1730.8
3.75	5.7	9.75	1717.99
3.75	5.7	9.9	1689.07
3.75	5.7	10.05	1668.47
3.75	5.7	10.2	1645.54
3.75	5.7	10.35	1624.33
3.75	5.7	10.5	1598.82
3.75	5.7	10.65	1561.75
3.75	5.7	10.8	1524.69
3.75	5.7	10.95	0
3.75	5.7	11.1	0
3.75	5.7	11.25	0
3.75	5.7	11.4	0
3.75	5.7	11.55	0
3.75	5.85	0	0
3.75	5.85	0.15	0
3.75	5.85	0.3	0
3.75	5.85	0.45	0
3.75	5.85	0.6	0
3.75	5.85	0.75	0
3.75	5.85	0.9	1492.59
3.75	5.85	1.05	1529.48
3.75	5.85	1.2	1568.34
3.75	5.85	1.35	1599.18
3.75	5.85	1.5	1625.33
3.75	5.85	1.65	1651.04
3.75	5.85	1.8	1669.95
3.75	5.85	1.95	1697.17
3.75	5.85	2.1	1711.17
3.75	5.85	2.25	1743
3.75	5.85	2.4	1770.07
3.75	5.85	2.55	1805.83
3.75	5.85	2.7	1833.07
3.75	5.85	2.85	1868.36
3.75	5.85	3	1903.96
3.75	5.85	3.15	1933.77
3.75	5.85	3.3	1967.18
3.75	5.85	3.45	2009.24
3.75	5.85	3.6	2044.32
3.75	5.85	3.75	2082.37
3.75	5.85	3.9	2137.03
3.75	5.85	4.05	2176.53
3.75	5.85	4.2	2215.57
3.75	5.85	4.35	2254.59
3.75	5.85	4.5	2292.56
3.75	5.85	4.65	2327.63
3.75	5.85	4.8	2367.33
3.75	5.85	4.95	2414.5
3.75	5.85	5.1	2470.52
3.75	5.85	5.25	2510.24
3.75	5.85	5.4	2495.85
3.75	5.85	5.55	2430.27
3.75	5.85	5.7	2359.29
3.75	5.85	5.85	2335.56
3.75	5.85	6	2366.52
3.75	5.85	6.15	2453.67
3.75	5.85	6.3	2534.26
3.75	5.85	6.45	2558.57
3.75	5.85	6.6	2519.23
3.75	5.85	6.75	2459.1
3.75	5.85	6.9	2408.4
3.75	5.85	7.05	2364
3.75	5.85	7.2	2325.4
3.75	5.85	7.35	2284.49
3.75	5.85	7.5	2243.71
3.75	5.85	7.65	2201.74
3.75	5.85	7.8	2159.88
3.75	5.85	7.95	2101.72
3.75	5.85	8.1	2060.73
3.75	5.85	8.25	2022.7
3.75	5.85	8.4	1978.32
3.75	5.85	8.55	1942.01
3.75	5.85	8.7	1910.38
3.75	5.85	8.85	1873.69
3.75	5.85	9	1836.63
3.75	5.85	9.15	1808.81
3.75	5.85	9.3	1773.05
3.75	5.85	9.45	1744.81
3.75	5.85	9.6	1711.84
3.75	5.85	9.75	1698.96
3.75	5.85	9.9	1670.63
3.75	5.85	10.05	1651.7
3.75	5.85	10.2	1626.59
3.75	5.85	10.35	1601.62
3.75	5.85	10.5	1570.19
3.75	5.85	10.65	1529.73
3.75	5.85	10.8	1489.96
3.75	5.85	10.95	0
3.75	5.85	11.1	0
3.75	5.85	11.25	0
3.75	5.85	11.4	0
3.75	5.85	11.55	0
3.75	6	0	0
3.75	6	0.15	0
3.75	6	0.3	0
3.75	6	0.45	0
3.75	6	0.6	0
3.75	6	0.75	0
3.75	6	0.9	0
3.75	6	1.05	1492.14
3.75	6	1.2	1535.64
3.75	6	1.35	1563.1
3.75	6	1.5	1588.36
3.75	6	1.65	1619.63
3.75	6	1.8	1643.54
3.75	6	1.95	1671.96
3.75	6	2.1	1685.5
3.75	6	2.25	1718.46
3.75	6	2.4	1746.11
3.75	6	2.55	1783.63
3.75	6	2.7	1811.43
3.75	6	2.85	1847.26
3.75	6	3	1883.41
3.75	6	3.15	1914.3
3.75	6	3.3	1946.06
3.75	6	3.45	1986.93
3.75	6	3.6	2020.88
3.75	6	3.75	2058.36
3.75	6	3.9	2111.91
3.75	6	4.05	2150.25
3.75	6	4.2	2186.97
3.75	6	4.35	2222.59
3.75	6	4.5	2257.68
3.75	6	4.65	2290.51
3.75	6	4.8	2331.42
3.75	6	4.95	2374.11
3.75	6	5.1	2383.67
3.75	6	5.25	2343.98
3.75	6	5.4	2259.12
3.75	6	5.55	2187.7
3.75	6	5.7	2127.6
3.75	6	5.85	2110.48
3.75	6	6	2130.93
3.75	6	6.15	2197.16
3.75	6	6.3	2278.03
3.75	6	6.45	2376.13
3.75	6	6.6	2422.88
3.75	6	6.75	2415.9
3.75	6	6.9	2371.91
3.75	6	7.05	2326.29
3.75	6	7.2	2289.94
3.75	6	7.35	2251.91
3.75	6	7.5	2214.53
3.75	6	7.65	2176.04
3.75	6	7.8	2135.35
3.75	6	7.95	2078.31
3.75	6	8.1	2037.89
3.75	6	8.25	2002.16
3.75	6	8.4	1957.79
3.75	6	8.55	1923.13
3.75	6	8.7	1891
3.75	6	8.85	1854.36
3.75	6	9	1815.59
3.75	6	9.15	1787.21
3.75	6	9.3	1750.27
3.75	6	9.45	1720.86
3.75	6	9.6	1686.76
3.75	6	9.75	1673.77
3.75	6	9.9	1644.8
3.75	6	10.05	1620.89
3.75	6	10.2	1589.65
3.75	6	10.35	1563.32
3.75	6	10.5	1536.45
3.75	6	10.65	1491.3
3.75	6	10.8	0
3.75	6	10.95	0
3.75	6	11.1	0
3.75	6	11.25	0
3.75	6	11.4	0
3.75	6	11.55	0
3.75	6.15	0	0
3.75	6.15	0.15	0
3.75	6.15	0.3	0
3.75	6.15	0.45	0
3.75	6.15	0.6	0
3.75	6.15	0.75	0
3.75	6.15	0.9	0
3.75	6.15	1.05	0
3.75	6.15	1.2	1498.16
3.75	6.15	1.35	1533.42
3.75	6.15	1.5	1559.59
3.75	6.15	1.65	1586.65
3.75	6.15	1.8	1609.01
3.75	6.15	1.95	1638
3.75	6.15	2.1	1657.98
3.75	6.15	2.25	1692.94
3.75	6.15	2.4	1721.7
3.75	6.15	2.55	1761.21
3.75	6.15	2.7	1787.14
3.75	6.15	2.85	1823.53
3.75	6.15	3	1859.11
3.75	6.15	3.15	1888.84
3.75	6.15	3.3	1920.6
3.75	6.15	3.45	1960.92
3.75	6.15	3.6	1993.73
3.75	6.15	3.75	2030.07
3.75	6.15	3.9	2082.42
3.75	6.15	4.05	2117.33
3.75	6.15	4.2	2151.22
3.75	6.15	4.35	2185.14
3.75	6.15	4.5	2216.26
3.75	6.15	4.65	2239.17
3.75	6.15	4.8	2248
3.75	6.15	4.95	2225.37
3.75	6.15	5.1	2173.74
3.75	6.15	5.25	2108.64
3.75	6.15	5.4	2038.39
3.75	6.15	5.55	1993.96
3.75	6.15	5.7	1970.22
3.75	6.15	5.85	1962.89
3.75	6.15	6	1971.33
3.75	6.15	6.15	1998.41
3.75	6.15	6.3	2047.24
3.75	6.15	6.45	2121.77
3.75	6.15	6.6	2194.53
3.75	6.15	6.75	2253.22
3.75	6.15	6.9	2279
3.75	6.15	7.05	2271.62
3.75	6.15	7.2	2247.92
3.75	6.15	7.35	2213.29
3.75	6.15	7.5	2177.01
3.75	6.15	7.65	2141.36
3.75	6.15	7.8	2104.69
3.75	6.15	7.95	2050.02
3.75	6.15	8.1	2011.33
3.75	6.15	8.25	1976.15
3.75	6.15	8.4	1932.35
3.75	6.15	8.55	1898.85
3.75	6.15	8.7	1866.71
3.75	6.15	8.85	1830.64
3.75	6.15	9	1791.89
3.75	6.15	9.15	1764.79
3.75	6.15	9.3	1725.86
3.75	6.15	9.45	1694.75
3.75	6.15	9.6	1658.09
3.75	6.15	9.75	1638.69
3.75	6.15	9.9	1608.06
3.75	6.15	10.05	1585.14
3.75	6.15	10.2	1558.12
3.75	6.15	10.35	1533.72
3.75	6.15	10.5	1497.3
3.75	6.15	10.65	0
3.75	6.15	10.8	0
3.75	6.15	10.95	0
3.75	6.15	11.1	0
3.75	6.15	11.25	0
3.75	6.15	11.4	0
3.75	6.15	11.55	0
3.75	6.3	0	0
3.75	6.3	0.15	0
3.75	6.3	0.3	0
3.75	6.3	0.45	0
3.75	6.3	0.6	0
3.75	6.3	0.75	0
3.75	6.3	0.9	0
3.75	6.3	1.05	0
3.75	6.3	1.2	0
3.75	6.3	1.35	1491.07
3.75	6.3	1.5	1517.87
3.75	6.3	1.65	1543.95
3.75	6.3	1.8	1568.36
3.75	6.3	1.95	1598.47
3.75	6.3	2.1	1620.14
3.75	6.3	2.25	1654.26
3.75	6.3	2.4	1681.69
3.75	6.3	2.55	1716.75
3.75	6.3	2.7	1743.51
3.75	6.3	2.85	1779.13
3.75	6.3	3	1813.3
3.75	6.3	3.15	1841.95
3.75	6.3	3.3	1873.12
3.75	6.3	3.45	1912.06
3.75	6.3	3.6	1942.87
3.75	6.3	3.75	1976.1
3.75	6.3	3.9	2021.24
3.75	6.3	4.05	2046.79
3.75	6.3	4.2	2066.9
3.75	6.3	4.35	2072.84
3.75	6.3	4.5	2068.9
3.75	6.3	4.65	2049.31
3.75	6.3	4.8	2014.29
3.75	6.3	4.95	1974.47
3.75	6.3	5.1	1930.71
3.75	6.3	5.25	1884.32
3.75	6.3	5.4	1848.82
3.75	6.3	5.55	1835.32
3.75	6.3	5.7	1824.06
3.75	6.3	5.85	1818.82
3.75	6.3	6	1824.06
3.75	6.3	6.15	1837.52
3.75	6.3	6.3	1852.62
3.75	6.3	6.45	1890.21
3.75	6.3	6.6	1939.76
3.75	6.3	6.75	1986.69
3.75	6.3	6.9	2029.1
3.75	6.3	7.05	2069.5
3.75	6.3	7.2	2089.43
3.75	6.3	7.35	2093.75
3.75	6.3	7.5	2087.09
3.75	6.3	7.65	2067.42
3.75	6.3	7.8	2041.8
3.75	6.3	7.95	1993.75
3.75	6.3	8.1	1959.33
3.75	6.3	8.25	1926.72
3.75	6.3	8.4	1884.87
3.75	6.3	8.55	1850.82
3.75	6.3	8.7	1819.76
3.75	6.3	8.85	1785.1
3.75	6.3	9	1747.13
3.75	6.3	9.15	1719.78
3.75	6.3	9.3	1683.02
3.75	6.3	9.45	1653.87
3.75	6.3	9.6	1617.45
3.75	6.3	9.75	1596.92
3.75	6.3	9.9	1565.15
3.75	6.3	10.05	1540.19
3.75	6.3	10.2	1514.73
3.75	6.3	10.35	1488.01
3.75	6.3	10.5	0
3.75	6.3	10.65	0
3.75	6.3	10.8	0
3.75	6.3	10.95	0
3.75	6.3	11.1	0
3.75	6.3	11.25	0
3.75	6.3	11.4	0
3.75	6.3	11.55	0
3.75	6.45	0	0
3.75	6.45	0.15	0
3.75	6.45	0.3	0
3.75	6.45	0.45	0
3.75	6.45	0.6	0
3.75	6.45	0.75	0
3.75	6.45	0.9	0
3.75	6.45	1.05	0
3.75	6.45	1.2	0
3.75	6.45	1.35	0
3.75	6.45	1.5	1471.93
3.75	6.45	1.65	1499.35
3.75	6.45	1.8	1517.99
3.75	6.45	1.95	1544.16
3.75	6.45	2.1	1559.78
3.75	6.45	2.25	1592.39
3.75	6.45	2.4	1615.85
3.75	6.45	2.55	1647.15
3.75	6.45	2.7	1670.93
3.75	6.45	2.85	1701.63
3.75	6.45	3	1732.14
3.75	6.45	3.15	1758.83
3.75	6.45	3.3	1786.33
3.75	6.45	3.45	1816.76
3.75	6.45	3.6	1835.64
3.75	6.45	3.75	1851.85
3.75	6.45	3.9	1871.61
3.75	6.45	4.05	1872.86
3.75	6.45	4.2	1863.16
3.75	6.45	4.35	1848.34
3.75	6.45	4.5	1832.17
3.75	6.45	4.65	1805.7
3.75	6.45	4.8	1777.5
3.75	6.45	4.95	1750.44
3.75	6.45	5.1	1727.93
3.75	6.45	5.25	1701.59
3.75	6.45	5.4	1690.96
3.75	6.45	5.55	1682.03
3.75	6.45	5.7	1677.36
3.75	6.45	5.85	1675.74
3.75	6.45	6	1677.36
3.75	6.45	6.15	1681.44
3.75	6.45	6.3	1690.81
3.75	6.45	6.45	1702.42
3.75	6.45	6.6	1730.84
3.75	6.45	6.75	1755.99
3.75	6.45	6.9	1782.81
3.75	6.45	7.05	1812.5
3.75	6.45	7.2	1839.3
3.75	6.45	7.35	1857.55
3.75	6.45	7.5	1874.45
3.75	6.45	7.65	1883.44
3.75	6.45	7.8	1883.78
3.75	6.45	7.95	1862.8
3.75	6.45	8.1	1845.38
3.75	6.45	8.25	1826.4
3.75	6.45	8.4	1795.35
3.75	6.45	8.55	1764.97
3.75	6.45	8.7	1735.9
3.75	6.45	8.85	1704.31
3.75	6.45	9	1670.68
3.75	6.45	9.15	1645.75
3.75	6.45	9.3	1614.45
3.75	6.45	9.45	1588.71
3.75	6.45	9.6	1554.36
3.75	6.45	9.75	1539.87
3.75	6.45	9.9	1512.61
3.75	6.45	10.05	1494
3.75	6.45	10.2	1466.63
3.75	6.45	10.35	0
3.75	6.45	10.5	0
3.75	6.45	10.65	0
3.75	6.45	10.8	0
3.75	6.45	10.95	0
3.75	6.45	11.1	0
3.75	6.45	11.25	0
3.75	6.45	11.4	0
3.75	6.45	11.55	0
3.75	6.6	0	0
3.75	6.6	0.15	0
3.75	6.6	0.3	0
3.75	6.6	0.45	0
3.75	6.6	0.6	0
3.75	6.6	0.75	0
3.75	6.6	0.9	0
3.75	6.6	1.05	0
3.75	6.6	1.2	0
3.75	6.6	1.35	0
3.75	6.6	1.5	0
3.75	6.6	1.65	1451.02
3.75	6.6	1.8	1469.77
3.75	6.6	1.95	1492.54
3.75	6.6	2.1	1504.75
3.75	6.6	2.25	1532.7
3.75	6.6	2.4	1557.76
3.75	6.6	2.55	1589.88
3.75	6.6	2.7	1612.33
3.75	6.6	2.85	1639.26
3.75	6.6	3	1664.35
3.75	6.6	3.15	1684.74
3.75	6.6	3.3	1702.56
3.75	6.6	3.45	1715.51
3.75	6.6	3.6	1720.33
3.75	6.6	3.75	1723.45
3.75	6.6	3.9	1731.31
3.75	6.6	4.05	1719.99
3.75	6.6	4.2	1709.32
3.75	6.6	4.35	1697.92
3.75	6.6	4.5	1682.25
3.75	6.6	4.65	1668.26
3.75	6.6	4.8	1655.38
3.75	6.6	4.95	1643.59
3.75	6.6	5.1	1630.82
3.75	6.6	5.25	1614.59
3.75	6.6	5.4	1612.63
3.75	6.6	5.55	1604.44
3.75	6.6	5.7	1603.7
3.75	6.6	5.85	1600.93
3.75	6.6	6	1603.11
3.75	6.6	6.15	1602.68
3.75	6.6	6.3	1609.63
3.75	6.6	6.45	1610.88
3.75	6.6	6.6	1627.5
3.75	6.6	6.75	1642.36
3.75	6.6	6.9	1654.52
3.75	6.6	7.05	1667.21
3.75	6.6	7.2	1681.56
3.75	6.6	7.35	1698.75
3.75	6.6	7.5	1710.58
3.75	6.6	7.65	1720.55
3.75	6.6	7.8	1733.41
3.75	6.6	7.95	1724.86
3.75	6.6	8.1	1723.34
3.75	6.6	8.25	1717.89
3.75	6.6	8.4	1703.14
3.75	6.6	8.55	1686.41
3.75	6.6	8.7	1664.23
3.75	6.6	8.85	1638.59
3.75	6.6	9	1609.89
3.75	6.6	9.15	1585.73
3.75	6.6	9.3	1553.61
3.75	6.6	9.45	1526.28
3.75	6.6	9.6	1496.59
3.75	6.6	9.75	1484.96
3.75	6.6	9.9	1461.68
3.75	6.6	10.05	1442.93
3.75	6.6	10.2	0
3.75	6.6	10.35	0
3.75	6.6	10.5	0
3.75	6.6	10.65	0
3.75	6.6	10.8	0
3.75	6.6	10.95	0
3.75	6.6	11.1	0
3.75	6.6	11.25	0
3.75	6.6	11.4	0
3.75	6.6	11.55	0
3.75	6.75	0	0
3.75	6.75	0.15	0
3.75	6.75	0.3	0
3.75	6.75	0.45	0
3.75	6.75	0.6	0
3.75	6.75	0.75	0
3.75	6.75	0.9	0
3.75	6.75	1.05	0
3.75	6.75	1.2	0
3.75	6.75	1.35	0
3.75	6.75	1.5	0
3.75	6.75	1.65	0
3.75	6.75	1.8	1399.09
3.75	6.75	1.95	1423.01
3.75	6.75	2.1	1441.74
3.75	6.75	2.25	1467.71
3.75	6.75	2.4	1489.37
3.75	6.75	2.55	1515.72
3.75	6.75	2.7	1534.17
3.75	6.75	2.85	1557.09
3.75	6.75	3	1573.61
3.75	6.75	3.15	1582.13
3.75	6.75	3.3	1586.08
3.75	6.75	3.45	1595.75
3.75	6.75	3.6	1595.84
3.75	6.75	3.75	1591.72
3.75	6.75	3.9	1593.2
3.75	6.75	4.05	1588.42
3.75	6.75	4.2	1584.28
3.75	6.75	4.35	1581.82
3.75	6.75	4.5	1571.9
3.75	6.75	4.65	1565.96
3.75	6.75	4.8	1559.4
3.75	6.75	4.95	1554.1
3.75	6.75	5.1	1540.11
3.75	6.75	5.25	1534.74
3.75	6.75	5.4	1534.64
3.75	6.75	5.55	1528.2
3.75	6.75	5.7	1529.18
3.75	6.75	5.85	1532.08
3.75	6.75	6	1528.6
3.75	6.75	6.15	1525.85
3.75	6.75	6.3	1529.95
3.75	6.75	6.45	1529.92
3.75	6.75	6.6	1534.01
3.75	6.75	6.75	1548.4
3.75	6.75	6.9	1554.63
3.75	6.75	7.05	1561.01
3.75	6.75	7.2	1566.21
3.75	6.75	7.35	1575.94
3.75	6.75	7.5	1578.84
3.75	6.75	7.65	1583.96
3.75	6.75	7.8	1587.48
3.75	6.75	7.95	1584.72
3.75	6.75	8.1	1590.41
3.75	6.75	8.25	1588.54
3.75	6.75	8.4	1579.9
3.75	6.75	8.55	1575.33
3.75	6.75	8.7	1566.72
3.75	6.75	8.85	1550.76
3.75	6.75	9	1526.64
3.75	6.75	9.15	1507.05
3.75	6.75	9.3	1480.7
3.75	6.75	9.45	1456.75
3.75	6.75	9.6	1430.23
3.75	6.75	9.75	1411.52
3.75	6.75	9.9	1387.06
3.75	6.75	10.05	0
3.75	6.75	10.2	0
3.75	6.75	10.35	0
3.75	6.75	10.5	0
3.75	6.75	10.65	0
3.75	6.75	10.8	0
3.75	6.75	10.95	0
3.75	6.75	11.1	0
3.75	6.75	11.25	0
3.75	6.75	11.4	0
3.75	6.75	11.55	0
3.75	6.9	0	0
3.75	6.9	0.15	0
3.75	6.9	0.3	0
3.75	6.9	0.45	0
3.75	6.9	0.6	0
3.75	6.9	0.75	0
3.75	6.9	0.9	0
3.75	6.9	1.05	0
3.75	6.9	1.2	0
3.75	6.9	1.35	0
3.75	6.9	1.5	0
3.75	6.9	1.65	0
3.75	6.9	1.8	0
3.75	6.9	1.95	0
3.75	6.9	2.1	1375.64
3.75	6.9	2.25	1402.27
3.75	6.9	2.4	1423.54
3.75	6.9	2.55	1443.6
3.75	6.9	2.7	1455.15
3.75	6.9	2.85	1469.52
3.75	6.9	3	1476.88
3.75	6.9	3.15	1482.92
3.75	6.9	3.3	1486.94
3.75	6.9	3.45	1490.39
3.75	6.9	3.6	1487.44
3.75	6.9	3.75	1489.23
3.75	6.9	3.9	1498.24
3.75	6.9	4.05	1498.49
3.75	6.9	4.2	1496.53
3.75	6.9	4.35	1494.17
3.75	6.9	4.5	1491.59
3.75	6.9	4.65	1490.28
3.75	6.9	4.8	1486.71
3.75	6.9	4.95	1479.05
3.75	6.9	5.1	1470.85
3.75	6.9	5.25	1470.69
3.75	6.9	5.4	1468.87
3.75	6.9	5.55	1467.71
3.75	6.9	5.7	1467.55
3.75	6.9	5.85	1471.45
3.75	6.9	6	1466.96
3.75	6.9	6.15	1464.19
3.75	6.9	6.3	1463.58
3.75	6.9	6.45	1462.47
3.75	6.9	6.6	1461.91
3.75	6.9	6.75	1468.25
3.75	6.9	6.9	1476.31
3.75	6.9	7.05	1480.84
3.75	6.9	7.2	1481.42
3.75	6.9	7.35	1483.84
3.75	6.9	7.5	1486.6
3.75	6.9	7.65	1487.89
3.75	6.9	7.8	1488.06
3.75	6.9	7.95	1477.22
3.75	6.9	8.1	1474.74
3.75	6.9	8.25	1479.26
3.75	6.9	8.4	1474.05
3.75	6.9	8.55	1469.38
3.75	6.9	8.7	1462.68
3.75	6.9	8.85	1456.46
3.75	6.9	9	1442
3.75	6.9	9.15	1429.87
3.75	6.9	9.3	1410.36
3.75	6.9	9.45	1388.54
3.75	6.9	9.6	1360.18
3.75	6.9	9.75	0
3.75	6.9	9.9	0
3.75	6.9	10.05	0
3.75	6.9	10.2	0
3.75	6.9	10.35	0
3.75	6.9	10.5	0
3.75	6.9	10.65	0
3.75	6.9	10.8	0
3.75	6.9	10.95	0
3.75	6.9	11.1	0
3.75	6.9	11.25	0
3.75	6.9	11.4	0
3.75	6.9	11.55	0
3.75	7.05	0	0
3.75	7.05	0.15	0
3.75	7.05	0.3	0
3.75	7.05	0.45	0
3.75	7.05	0.6	0
3.75	7.05	0.75	0
3.75	7.05	0.9	0
3.75	7.05	1.05	0
3.75	7.05	1.2	0
3.75	7.05	1.35	0
3.75	7.05	1.5	0
3.75	7.05	1.65	0
3.75	7.05	1.8	0
3.75	7.05	1.95	0
3.75	7.05	2.1	0
3.75	7.05	2.25	1341.25
3.75	7.05	2.4	1361.78
3.75	7.05	2.55	1381.89
3.75	7.05	2.7	1390.11
3.75	7.05	2.85	1394.7
3.75	7.05	3	1400.25
3.75	7.05	3.15	1405.26
3.75	7.05	3.3	1404.73
3.75	7.05	3.45	1411.14
3.75	7.05	3.6	1414.49
3.75	7.05	3.75	1419.62
3.75	7.05	3.9	1427.98
3.75	7.05	4.05	1431.65
3.75	7.05	4.2	1432.09
3.75	7.05	4.35	1431.86
3.75	7.05	4.5	1435.16
3.75	7.05	4.65	1432.14
3.75	7.05	4.8	1427.95
3.75	7.05	4.95	1422.04
3.75	7.05	5.1	1420.83
3.75	7.05	5.25	1421.27
3.75	7.05	5.4	1421.74
3.75	7.05	5.55	1420.52
3.75	7.05	5.7	1423.31
3.75	7.05	5.85	1423.73
3.75	7.05	6	1420.96
3.75	7.05	6.15	1415.83
3.75	7.05	6.3	1414.7
3.75	7.05	6.45	1411.28
3.75	7.05	6.6	1409.63
3.75	7.05	6.75	1408.98
3.75	7.05	6.9	1414.18
3.75	7.05	7.05	1417.03
3.75	7.05	7.2	1419.92
3.75	7.05	7.35	1417.05
3.75	7.05	7.5	1417.71
3.75	7.05	7.65	1416.56
3.75	7.05	7.8	1413.35
3.75	7.05	7.95	1404.28
3.75	7.05	8.1	1397.94
3.75	7.05	8.25	1393.85
3.75	7.05	8.4	1386.77
3.75	7.05	8.55	1386.08
3.75	7.05	8.7	1379.25
3.75	7.05	8.85	1375.98
3.75	7.05	9	1370.79
3.75	7.05	9.15	1363.69
3.75	7.05	9.3	1344.71
3.75	7.05	9.45	1323.02
3.75	7.05	9.6	0
3.75	7.05	9.75	0
3.75	7.05	9.9	0
3.75	7.05	10.05	0
3.75	7.05	10.2	0
3.75	7.05	10.35	0
3.75	7.05	10.5	0
3.75	7.05	10.65	0
3.75	7.05	10.8	0
3.75	7.05	10.95	0
3.75	7.05	11.1	0
3.75	7.05	11.25	0
3.75	7.05	11.4	0
3.75	7.05	11.55	0
3.75	7.2	0	0
3.75	7.2	0.15	0
3.75	7.2	0.3	0
3.75	7.2	0.45	0
3.75	7.2	0.6	0
3.75	7.2	0.75	0
3.75	7.2	0.9	0
3.75	7.2	1.05	0
3.75	7.2	1.2	0
3.75	7.2	1.35	0
3.75	7.2	1.5	0
3.75	7.2	1.65	0
3.75	7.2	1.8	0
3.75	7.2	1.95	0
3.75	7.2	2.1	0
3.75	7.2	2.25	0
3.75	7.2	2.4	0
3.75	7.2	2.55	0
3.75	7.2	2.7	1316.75
3.75	7.2	2.85	1326.48
3.75	7.2	3	1337.91
3.75	7.2	3.15	1344.15
3.75	7.2	3.3	1352.18
3.75	7.2	3.45	1361.31
3.75	7.2	3.6	1364.09
3.75	7.2	3.75	1372.03
3.75	7.2	3.9	1380.59
3.75	7.2	4.05	1385.26
3.75	7.2	4.2	1386.27
3.75	7.2	4.35	1389.47
3.75	7.2	4.5	1391.03
3.75	7.2	4.65	1389.17
3.75	7.2	4.8	1385.61
3.75	7.2	4.95	1384.93
3.75	7.2	5.1	1385.45
3.75	7.2	5.25	1385.22
3.75	7.2	5.4	1388.11
3.75	7.2	5.55	1388.04
3.75	7.2	5.7	1390.22
3.75	7.2	5.85	1390.76
3.75	7.2	6	1387.29
3.75	7.2	6.15	1382.76
3.75	7.2	6.3	1380.47
3.75	7.2	6.45	1375.23
3.75	7.2	6.6	1372.52
3.75	7.2	6.75	1370.14
3.75	7.2	6.9	1368.44
3.75	7.2	7.05	1371.28
3.75	7.2	7.2	1371.85
3.75	7.2	7.35	1370.14
3.75	7.2	7.5	1367.4
3.75	7.2	7.65	1366.84
3.75	7.2	7.8	1361.49
3.75	7.2	7.95	1352.24
3.75	7.2	8.1	1344.17
3.75	7.2	8.25	1340.12
3.75	7.2	8.4	1330.36
3.75	7.2	8.55	1322.2
3.75	7.2	8.7	1314.17
3.75	7.2	8.85	1303.87
3.75	7.2	9	1292.92
3.75	7.2	9.15	0
3.75	7.2	9.3	0
3.75	7.2	9.45	0
3.75	7.2	9.6	0
3.75	7.2	9.75	0
3.75	7.2	9.9	0
3.75	7.2	10.05	0
3.75	7.2	10.2	0
3.75	7.2	10.35	0
3.75	7.2	10.5	0
3.75	7.2	10.65	0
3.75	7.2	10.8	0
3.75	7.2	10.95	0
3.75	7.2	11.1	0
3.75	7.2	11.25	0
3.75	7.2	11.4	0
3.75	7.2	11.55	0
3.75	7.35	0	0
3.75	7.35	0.15	0
3.75	7.35	0.3	0
3.75	7.35	0.45	0
3.75	7.35	0.6	0
3.75	7.35	0.75	0
3.75	7.35	0.9	0
3.75	7.35	1.05	0
3.75	7.35	1.2	0
3.75	7.35	1.35	0
3.75	7.35	1.5	0
3.75	7.35	1.65	0
3.75	7.35	1.8	0
3.75	7.35	1.95	0
3.75	7.35	2.1	0
3.75	7.35	2.25	0
3.75	7.35	2.4	0
3.75	7.35	2.55	0
3.75	7.35	2.7	0
3.75	7.35	2.85	0
3.75	7.35	3	0
3.75	7.35	3.15	0
3.75	7.35	3.3	1396.54
3.75	7.35	3.45	1410.2
3.75	7.35	3.6	1415.3
3.75	7.35	3.75	1422.77
3.75	7.35	3.9	1433.11
3.75	7.35	4.05	1440.22
3.75	7.35	4.2	1441.18
3.75	7.35	4.35	1445.03
3.75	7.35	4.5	1445.45
3.75	7.35	4.65	1443.66
3.75	7.35	4.8	1443.52
3.75	7.35	4.95	1446.87
3.75	7.35	5.1	1447.38
3.75	7.35	5.25	1446.63
3.75	7.35	5.4	1452.38
3.75	7.35	5.55	1452.28
3.75	7.35	5.7	1452.82
3.75	7.35	5.85	1452.21
3.75	7.35	6	1449.3
3.75	7.35	6.15	1445.82
3.75	7.35	6.3	1442.97
3.75	7.35	6.45	1435.46
3.75	7.35	6.6	1432.68
3.75	7.35	6.75	1429.83
3.75	7.35	6.9	1425.2
3.75	7.35	7.05	1422.37
3.75	7.35	7.2	1424.04
3.75	7.35	7.35	1422.36
3.75	7.35	7.5	1417.8
3.75	7.35	7.65	1417.89
3.75	7.35	7.8	1409.48
3.75	7.35	7.95	1400.19
3.75	7.35	8.1	1391.46
3.75	7.35	8.25	1385.69
3.75	7.35	8.4	1371.9
3.75	7.35	8.55	0
3.75	7.35	8.7	0
3.75	7.35	8.85	0
3.75	7.35	9	0
3.75	7.35	9.15	0
3.75	7.35	9.3	0
3.75	7.35	9.45	0
3.75	7.35	9.6	0
3.75	7.35	9.75	0
3.75	7.35	9.9	0
3.75	7.35	10.05	0
3.75	7.35	10.2	0
3.75	7.35	10.35	0
3.75	7.35	10.5	0
3.75	7.35	10.65	0
3.75	7.35	10.8	0
3.75	7.35	10.95	0
3.75	7.35	11.1	0
3.75	7.35	11.25	0
3.75	7.35	11.4	0
3.75	7.35	11.55	0
3.75	7.5	0	0
3.75	7.5	0.15	0
3.75	7.5	0.3	0
3.75	7.5	0.45	0
3.75	7.5	0.6	0
3.75	7.5	0.75	0
3.75	7.5	0.9	0
3.75	7.5	1.05	0
3.75	7.5	1.2	0
3.75	7.5	1.35	0
3.75	7.5	1.5	0
3.75	7.5	1.65	0
3.75	7.5	1.8	0
3.75	7.5	1.95	0
3.75	7.5	2.1	0
3.75	7.5	2.25	0
3.75	7.5	2.4	0
3.75	7.5	2.55	0
3.75	7.5	2.7	0
3.75	7.5	2.85	0
3.75	7.5	3	0
3.75	7.5	3.15	0
3.75	7.5	3.3	0
3.75	7.5	3.45	0
3.75	7.5	3.6	0
3.75	7.5	3.75	0
3.75	7.5	3.9	0
3.75	7.5	4.05	0
3.75	7.5	4.2	0
3.75	7.5	4.35	0
3.75	7.5	4.5	0
3.75	7.5	4.65	0
3.75	7.5	4.8	0
3.75	7.5	4.95	0
3.75	7.5	5.1	0
3.75	7.5	5.25	0
3.75	7.5	5.4	0
3.75	7.5	5.55	0
3.75	7.5	5.7	0
3.75	7.5	5.85	0
3.75	7.5	6	0
3.75	7.5	6.15	0
3.75	7.5	6.3	0
3.75	7.5	6.45	0
3.75	7.5	6.6	0
3.75	7.5	6.75	0
3.75	7.5	6.9	0
3.75	7.5	7.05	0
3.75	7.5	7.2	0
3.75	7.5	7.35	0
3.75	7.5	7.5	0
3.75	7.5	7.65	0
3.75	7.5	7.8	0
3.75	7.5	7.95	0
3.75	7.5	8.1	0
3.75	7.5	8.25	0
3.75	7.5	8.4	0
3.75	7.5	8.55	0
3.75	7.5	8.7	0
3.75	7.5	8.85	0
3.75	7.5	9	0
3.75	7.5	9.15	0
3.75	7.5	9.3	0
3.75	7.5	9.45	0
3.75	7.5	9.6	0
3.75	7.5	9.75	0
3.75	7.5	9.9	0
3.75	7.5	10.05	0
3.75	7.5	10.2	0
3.75	7.5	10.35	0
3.75	7.5	10.5	0
3.75	7.5	10.65	0
3.75	7.5	10.8	0
3.75	7.5	10.95	0
3.75	7.5	11.1	0
3.75	7.5	11.25	0
3.75	7.5	11.4	0
3.75	7.5	11.55	0
