0	0	1
0	0.15	1
0	0.3	1
0	0.45	1
0	0.6	1
0	0.75	1
0	0.9	1
0	1.05	1
0	1.2	1
0	1.35	1
0	1.5	1
0	1.65	1
0	1.8	1
0	1.95	1
0	2.1	1
0	2.25	1
0	2.4	1
0	2.55	1
0.15	0	1
0.15	0.15	1
0.15	0.3	1
0.15	0.45	1
0.15	0.6	1
0.15	0.75	1
0.15	0.9	1
0.15	1.05	1
0.15	1.2	1
0.15	1.35	1
0.15	1.5	1
0.15	1.65	1
0.15	1.8	1
0.15	1.95	1
0.15	2.1	1
0.15	2.25	1
0.15	2.4	1
0.15	2.55	0.941649
0.3	0	1
0.3	0.15	1
0.3	0.3	1
0.3	0.45	1
0.3	0.6	1
0.3	0.75	1
0.3	0.9	1
0.3	1.05	1
0.3	1.2	1
0.3	1.35	1
0.3	1.5	1
0.3	1.65	1
0.3	1.8	1
0.3	1.95	1
0.3	2.1	1
0.3	2.25	0.886796
0.3	2.4	0.746425
0.3	2.55	0.649242
0.45	0	1
0.45	0.15	1
0.45	0.3	1
0.45	0.45	1
0.45	0.6	1
0.45	0.75	1
0.45	0.9	1
0.45	1.05	1
0.45	1.2	1
0.45	1.35	1
0.45	1.5	1
0.45	1.65	1
0.45	1.8	1
0.45	1.95	1
0.45	2.1	0.838478
0.45	2.25	0.640122
0.45	2.4	0.476482
0.45	2.55	0.360147
0.6	0	1
0.6	0.15	1
0.6	0.3	1
0.6	0.45	1
0.6	0.6	1
0.6	0.75	1
0.6	0.9	1
0.6	1.05	1
0.6	1.2	1
0.6	1.35	1
0.6	1.5	1
0.6	1.65	1
0.6	1.8	1
0.6	1.95	0.838478
0.6	2.1	0.640122
0.6	2.25	0.414214
0.6	2.4	0.220656
0.6	2.55	0.077033
0.75	0	1
0.75	0.15	1
0.75	0.3	1
0.75	0.45	1
0.75	0.6	1
0.75	0.75	1
0.75	0.9	1
0.75	1.05	1
0.75	1.2	1
0.75	1.35	1
0.75	1.5	1
0.75	1.65	1
0.75	1.8	0.886796
0.75	1.95	0.640122
0.75	2.1	0.414214
0.75	2.25	0.220656
0.75	2.4	-0.0100505
0.75	2.55	-0.193774
0.9	0	1
0.9	0.15	1
0.9	0.3	1
0.9	0.45	1
0.9	0.6	1
0.9	0.75	1
0.9	0.9	1
0.9	1.05	1
0.9	1.2	1
0.9	1.35	1
0.9	1.5	1
0.9	1.65	1
0.9	1.8	0.746425
0.9	1.95	0.476482
0.9	2.1	0.220656
0.9	2.25	-0.0100505
0.9	2.4	-0.193774
0.9	2.55	-0.434315
1.05	0	1
1.05	0.15	1
1.05	0.3	1
1.05	0.45	1
1.05	0.6	1
1.05	0.75	1
1.05	0.9	1
1.05	1.05	1
1.05	1.2	1
1.05	1.35	1
1.05	1.5	1
1.05	1.65	0.941649
1.05	1.8	0.649242
1.05	1.95	0.360147
1.05	2.1	0.077033
1.05	2.25	-0.193774
1.05	2.4	-0.434315
1.05	2.55	-0.587689
1.2	0	1
1.2	0.15	1
1.2	0.3	1
1.2	0.45	1
1.2	0.6	1
1.2	0.75	1
1.2	0.9	1
1.2	1.05	1
1.2	1.2	1
1.2	1.35	1
1.2	1.5	1
1.2	1.65	0.90263
1.2	1.8	0.603122
1.2	1.95	0.30384
1.2	2.1	0.00498756
1.2	2.25	-0.292893
1.2	2.4	-0.587689
1.2	2.55	-0.858579
1.35	0	1
1.35	0.15	1
1.35	0.3	1
1.35	0.45	1
1.35	0.6	1
1.35	0.75	1
1.35	0.9	1
1.35	1.05	1
1.35	1.2	1
1.35	1.35	1
1.35	1.5	1
1.35	1.65	0.90263
1.35	1.8	0.603122
1.35	1.95	0.30384
1.35	2.1	0.00498756
1.35	2.25	-0.292893
1.35	2.4	-0.587689
1.35	2.55	-1
1.5	0	1
1.5	0.15	1
1.5	0.3	1
1.5	0.45	1
1.5	0.6	1
1.5	0.75	1
1.5	0.9	1
1.5	1.05	1
1.5	1.2	1
1.5	1.35	1
1.5	1.5	1
1.5	1.65	0.90263
1.5	1.8	0.603122
1.5	1.95	0.30384
1.5	2.1	0.00498756
1.5	2.25	-0.292893
1.5	2.4	-0.587689
1.5	2.55	-1
1.65	0	1
1.65	0.15	1
1.65	0.3	1
1.65	0.45	1
1.65	0.6	1
1.65	0.75	1
1.65	0.9	1
1.65	1.05	1
1.65	1.2	1
1.65	1.35	1
1.65	1.5	1
1.65	1.65	0.90263
1.65	1.8	0.603122
1.65	1.95	0.30384
1.65	2.1	0.00498756
1.65	2.25	-0.292893
1.65	2.4	-0.587689
1.65	2.55	-1
1.8	0	1
1.8	0.15	1
1.8	0.3	1
1.8	0.45	1
1.8	0.6	1
1.8	0.75	1
1.8	0.9	1
1.8	1.05	1
1.8	1.2	1
1.8	1.35	1
1.8	1.5	1
1.8	1.65	0.886796
1.8	1.8	0.603122
1.8	1.95	0.30384
1.8	2.1	0.00498756
1.8	2.25	-0.292893
1.8	2.4	-0.587689
1.8	2.55	-1
1.95	0	1
1.95	0.15	1
1.95	0.3	1
1.95	0.45	1
1.95	0.6	1
1.95	0.75	1
1.95	0.9	1
1.95	1.05	1
1.95	1.2	1
1.95	1.35	1
1.95	1.5	1
1.95	1.65	0.746425
1.95	1.8	0.476482
1.95	1.95	0.220656
1.95	2.1	-0.0100505
1.95	2.25	-0.292893
1.95	2.4	-0.587689
1.95	2.55	-1
2.1	0	1
2.1	0.15	1
2.1	0.3	1
2.1	0.45	1
2.1	0.6	1
2.1	0.75	1
2.1	0.9	1
2.1	1.05	1
2.1	1.2	1
2.1	1.35	1
2.1	1.5	0.886796
2.1	1.65	0.649242
2.1	1.8	0.360147
2.1	1.95	0.077033
2.1	2.1	-0.193774
2.1	2.25	-0.434315
2.1	2.4	-0.587689
2.1	2.55	-1
2.25	0	1
2.25	0.15	1
2.25	0.3	1
2.25	0.45	1
2.25	0.6	1
2.25	0.75	1
2.25	0.9	1
2.25	1.05	1
2.25	1.2	1
2.25	1.35	0.838478
2.25	1.5	0.640122
2.25	1.65	0.476482
2.25	1.8	0.30384
2.25	1.95	0.00498756
2.25	2.1	-0.292893
2.25	2.25	-0.587689
2.25	2.4	-0.858579
2.25	2.55	-1
2.4	0	1
2.4	0.15	1
2.4	0.3	1
2.4	0.45	1
2.4	0.6	1
2.4	0.75	1
2.4	0.9	1
2.4	1.05	1
2.4	1.2	0.838478
2.4	1.35	0.640122
2.4	1.5	0.414214
2.4	1.65	0.220656
2.4	1.8	0.077033
2.4	1.95	-0.0100505
2.4	2.1	-0.292893
2.4	2.25	-0.587689
2.4	2.4	-0.858579
2.4	2.55	-1
2.55	0	1
2.55	0.15	1
2.55	0.3	1
2.55	0.45	1
2.55	0.6	1
2.55	0.75	1
2.55	0.9	1
2.55	1.05	0.886796
2.55	1.2	0.640122
2.55	1.35	0.414214
2.55	1.5	0.220656
2.55	1.65	-0.0100505
2.55	1.8	-0.193774
2.55	1.95	-0.292893
2.55	2.1	-0.434315
2.55	2.25	-0.587689
2.55	2.4	-1
2.55	2.55	-1
2.7	0	1
2.7	0.15	1
2.7	0.3	1
2.7	0.45	1
2.7	0.6	1
2.7	0.75	1
2.7	0.9	1
2.7	1.05	0.746425
2.7	1.2	0.476482
2.7	1.35	0.220656
2.7	1.5	-0.0100505
2.7	1.65	-0.193774
2.7	1.8	-0.434315
2.7	1.95	-0.587689
2.7	2.1	-0.587689
2.7	2.25	-0.858579
2.7	2.4	-1
2.7	2.55	-1
2.85	0	1
2.85	0.15	1
2.85	0.3	1
2.85	0.45	1
2.85	0.6	1
2.85	0.75	1
2.85	0.9	0.941649
2.85	1.05	0.649242
2.85	1.2	0.360147
2.85	1.35	0.077033
2.85	1.5	-0.193774
2.85	1.65	-0.434315
2.85	1.8	-0.587689
2.85	1.95	-0.858579
2.85	2.1	-1
2.85	2.25	-1
2.85	2.4	-1
2.85	2.55	-1
3	0	1
3	0.15	1
3	0.3	1
3	0.45	1
3	0.6	1
3	0.75	1
3	0.9	0.90263
3	1.05	0.603122
3	1.2	0.30384
3	1.35	0.00498756
3	1.5	-0.292893
3	1.65	-0.587689
3	1.8	-0.858579
3	1.95	-1
3	2.1	-1
3	2.25	-1
3	2.4	-1
3	2.55	-1
3.15	0	1
3.15	0.15	1
3.15	0.3	1
3.15	0.45	1
3.15	0.6	1
3.15	0.75	1
3.15	0.9	0.90263
3.15	1.05	0.603122
3.15	1.2	0.30384
3.15	1.35	0.00498756
3.15	1.5	-0.292893
3.15	1.65	-0.587689
3.15	1.8	-1
3.15	1.95	-1
3.15	2.1	-1
3.15	2.25	-1
3.15	2.4	-1
3.15	2.55	-1
3.3	0	1
3.3	0.15	1
3.3	0.3	1
3.3	0.45	1
3.3	0.6	1
3.3	0.75	1
3.3	0.9	0.90263
3.3	1.05	0.603122
3.3	1.2	0.30384
3.3	1.35	0.00498756
3.3	1.5	-0.292893
3.3	1.65	-0.587689
3.3	1.8	-1
3.3	1.95	-1
3.3	2.1	-1
3.3	2.25	-1
3.3	2.4	-1
3.3	2.55	-1
3.45	0	1
3.45	0.15	1
3.45	0.3	1
3.45	0.45	1
3.45	0.6	1
3.45	0.75	1
3.45	0.9	0.90263
3.45	1.05	0.603122
3.45	1.2	0.30384
3.45	1.35	0.00498756
3.45	1.5	-0.292893
3.45	1.65	-0.587689
3.45	1.8	-1
3.45	1.95	-1
3.45	2.1	-1
3.45	2.25	-1
3.45	2.4	-1
3.45	2.55	-1
3.6	0	1
3.6	0.15	1
3.6	0.3	1
3.6	0.45	1
3.6	0.6	1
3.6	0.75	1
3.6	0.9	0.90263
3.6	1.05	0.603122
3.6	1.2	0.30384
3.6	1.35	0.00498756
3.6	1.5	-0.292893
3.6	1.65	-0.587689
3.6	1.8	-1
3.6	1.95	-1
3.6	2.1	-1
3.6	2.25	-1
3.6	2.4	-1
3.6	2.55	-1
3.75	0	1
3.75	0.15	1
3.75	0.3	1
3.75	0.45	1
3.75	0.6	1
3.75	0.75	1
3.75	0.9	0.910497
3.75	1.05	0.612452
3.75	1.2	0.315295
3.75	1.35	0.0198039
3.75	1.5	-0.271989
3.75	1.65	-0.552786
3.75	1.8	-0.776393
3.75	1.95	-1
3.75	2.1	-1
3.75	2.25	-1
3.75	2.4	-1
3.75	2.55	-1
3.9	0	1
3.9	0.15	1
3.9	0.3	1
3.9	0.45	1
3.9	0.6	1
3.9	0.75	1
3.9	0.9	0.964688
3.9	1.05	0.676305
3.9	1.2	0.392839
3.9	1.35	0.118034
3.9	1.5	-0.139767
3.9	1.65	-0.359688
3.9	1.8	-0.552786
3.9	1.95	-0.776393
3.9	2.1	-1
3.9	2.25	-1
3.9	2.4	-1
3.9	2.55	-1
4.05	0	1
4.05	0.15	1
4.05	0.3	1
4.05	0.45	1
4.05	0.6	1
4.05	0.75	1
4.05	0.9	1
4.05	1.05	0.788854
4.05	1.2	0.526434
4.05	1.35	0.280625
4.05	1.5	0.0630146
4.05	1.65	-0.139767
4.05	1.8	-0.359688
4.05	1.95	-0.552786
4.05	2.1	-0.776393
4.05	2.25	-1
4.05	2.4	-1
4.05	2.55	-1
4.2	0	1
4.2	0.15	1
4.2	0.3	1
4.2	0.45	1
4.2	0.6	1
4.2	0.75	1
4.2	0.9	1
4.2	1.05	0.941649
4.2	1.2	0.702939
4.2	1.35	0.486607
4.2	1.5	0.280625
4.2	1.65	0.0630146
4.2	1.8	-0.139767
4.2	1.95	-0.359688
4.2	2.1	-0.552786
4.2	2.25	-0.776393
4.2	2.4	-1
4.2	2.55	-1
4.35	0	1
4.35	0.15	1
4.35	0.3	1
4.35	0.45	1
4.35	0.6	1
4.35	0.75	1
4.35	0.9	1
4.35	1.05	1
4.35	1.2	0.910497
4.35	1.35	0.702939
4.35	1.5	0.486607
4.35	1.65	0.280625
4.35	1.8	0.0630146
4.35	1.95	-0.139767
4.35	2.1	-0.359688
4.35	2.25	-0.587689
4.35	2.4	-0.858579
4.35	2.55	-1
4.5	0	1
4.5	0.15	1
4.5	0.3	1
4.5	0.45	1
4.5	0.6	1
4.5	0.75	1
4.5	0.9	1
4.5	1.05	1
4.5	1.2	1
4.5	1.35	0.910497
4.5	1.5	0.702939
4.5	1.65	0.486607
4.5	1.8	0.280625
4.5	1.95	0.0198039
4.5	2.1	-0.271989
4.5	2.25	-0.552786
4.5	2.4	-0.776393
4.5	2.55	-1
