0.00 0.00 0.00 0.00 0.00 0.00 0.00 0.00 0.00 0.00 0.00 0.00 0.00 0.00 0.00 0.00 0.00 0.00 0.00 0.00 0.00 0.00 0.00 0.00 0.00 0.00 0.00 0.00 0.00 0.00 0.00 0.00 0.00 0.00 0.00 0.00 0.00 0.00 0.00 0.00 0.00 0.00 0.00 0.00 0.00 0.00 0.00 0.00 0.00 0.00 0.00 0.00 0.00 0.00 0.00 0.00 0.00 0.00 0.00 0.00 0.00 0.00 0.00 0.00 
0.00 0.00 0.00 0.00 0.00 0.00 0.00 0.00 0.00 0.00 0.00 0.00 0.00 0.00 0.00 0.00 0.00 0.00 0.00 0.00 0.00 0.00 0.00 0.00 0.00 0.00 0.00 0.00 0.00 0.00 0.00 0.00 0.00 0.00 0.00 0.00 0.00 0.00 0.00 0.00 0.00 0.00 0.00 0.00 0.00 0.00 0.00 0.00 0.00 0.00 0.00 0.00 0.00 0.00 0.00 0.00 0.00 0.00 0.00 0.00 0.00 0.00 0.00 0.00 
0.00 0.00 0.00 0.00 0.00 0.00 0.00 0.00 0.00 0.00 0.00 0.00 0.00 0.00 0.00 0.00 0.00 0.00 0.00 0.00 0.00 0.00 0.00 0.00 0.00 0.00 0.00 0.00 0.00 0.00 0.00 0.00 0.00 0.00 0.00 0.00 0.00 0.00 0.00 0.00 0.00 0.00 0.00 0.00 0.00 0.00 0.00 0.00 0.00 0.00 0.00 0.00 0.00 0.00 0.00 0.00 0.00 0.00 0.00 0.00 0.00 4.44 4.38 0.00 
0.00 0.00 0.00 0.00 0.00 0.00 0.00 0.00 0.00 0.00 0.00 0.00 0.00 0.00 0.00 0.00 0.00 0.00 0.00 0.00 0.00 0.00 0.00 0.00 0.00 0.00 0.00 0.00 0.00 0.00 0.00 0.00 0.00 0.00 0.00 0.00 0.00 0.00 0.00 0.00 0.00 0.00 0.00 0.00 0.00 0.00 0.00 0.00 0.00 0.00 0.00 0.00 0.00 0.00 0.00 0.00 0.00 0.00 0.00 4.48 4.47 4.41 4.35 0.00 
0.00 0.00 0.00 0.00 0.00 0.00 0.00 0.00 0.00 0.00 0.00 0.00 0.00 0.00 0.00 0.00 0.00 0.00 0.00 0.00 0.00 0.00 0.00 0.00 0.00 0.00 0.00 0.00 0.00 0.00 0.00 0.00 0.00 0.00 0.00 0.00 0.00 0.00 0.00 0.00 0.00 0.00 0.00 0.00 0.00 0.00 0.00 0.00 0.00 0.00 0.00 0.00 0.00 0.00 0.00 0.00 0.00 4.45 4.45 4.40 4.34 4.30 4.26 0.00 
0.00 0.00 0.00 0.00 0.00 0.00 0.00 0.00 0.00 0.00 0.00 0.00 0.00 0.00 0.00 0.00 0.00 0.00 0.00 0.00 0.00 0.00 0.00 0.00 0.00 0.00 0.00 0.00 0.00 0.00 0.00 0.00 0.00 0.00 0.00 0.00 0.00 0.00 0.00 0.00 0.00 0.00 0.00 0.00 0.00 0.00 0.00 0.00 0.00 0.00 0.00 0.00 0.00 0.00 0.00 4.40 4.40 4.36 4.31 4.26 4.22 4.18 4.16 0.00 
0.00 0.00 0.00 0.00 0.00 0.00 0.00 0.00 0.00 0.00 0.00 0.00 0.00 0.00 0.00 0.00 0.00 0.00 0.00 0.00 0.00 0.00 0.00 0.00 0.00 0.00 0.00 0.00 0.00 0.00 0.00 0.00 0.00 0.00 0.00 0.00 0.00 0.00 0.00 0.00 0.00 0.00 0.00 0.00 0.00 0.00 0.00 0.00 0.00 0.00 0.00 0.00 0.00 4.35 4.35 4.32 4.26 4.21 4.17 4.13 4.09 4.07 4.05 0.00 
0.00 0.00 0.00 0.00 0.00 0.00 0.00 0.00 0.00 0.00 0.00 0.00 0.00 0.00 0.00 0.00 0.00 0.00 0.00 0.00 0.00 0.00 0.00 0.00 0.00 0.00 0.00 0.00 0.00 0.00 0.00 0.00 0.00 0.00 0.00 0.00 0.00 0.00 0.00 0.00 0.00 0.00 0.00 0.00 0.00 0.00 0.00 0.00 0.00 0.00 0.00 4.31 4.31 4.27 4.21 4.16 4.12 4.07 4.03 4.00 3.97 3.95 3.94 0.00 
0.00 0.00 0.00 0.00 0.00 0.00 0.00 0.00 0.00 0.00 0.00 0.00 0.00 0.00 0.00 0.00 0.00 0.00 0.00 0.00 0.00 0.00 0.00 0.00 0.00 0.00 0.00 0.00 0.00 0.00 0.00 0.00 0.00 0.00 0.00 0.00 0.00 0.00 0.00 0.00 0.00 0.00 0.00 0.00 0.00 0.00 0.00 0.00 0.00 4.26 4.27 4.23 4.17 4.12 4.07 4.02 3.98 3.94 3.91 3.88 3.85 3.83 3.83 0.00 
0.00 0.00 0.00 0.00 0.00 0.00 0.00 0.00 0.00 0.00 0.00 0.00 0.00 0.00 0.00 0.00 0.00 0.00 0.00 0.00 0.00 0.00 0.00 0.00 0.00 0.00 0.00 0.00 0.00 0.00 0.00 0.00 0.00 0.00 0.00 0.00 0.00 0.00 0.00 0.00 0.00 0.00 0.00 0.00 0.00 0.00 0.00 4.22 4.23 4.19 4.13 4.08 4.03 3.98 3.93 3.89 3.85 3.82 3.79 3.76 3.74 3.72 3.72 0.00 
0.00 0.00 0.00 0.00 0.00 0.00 0.00 0.00 0.00 0.00 0.00 0.00 0.00 0.00 0.00 0.00 0.00 0.00 0.00 0.00 0.00 0.00 0.00 0.00 0.00 0.00 0.00 0.00 0.00 0.00 0.00 0.00 0.00 0.00 0.00 0.00 0.00 0.00 0.00 0.00 0.00 0.00 0.00 0.00 0.00 4.19 4.19 4.15 4.09 4.04 3.99 3.94 3.89 3.85 3.81 3.77 3.73 3.70 3.67 3.65 3.63 3.62 3.61 0.00 
0.00 0.00 0.00 0.00 0.00 0.00 0.00 0.00 0.00 0.00 0.00 0.00 0.00 0.00 0.00 0.00 0.00 0.00 0.00 0.00 0.00 0.00 0.00 0.00 0.00 0.00 0.00 0.00 0.00 0.00 0.00 0.00 0.00 0.00 0.00 0.00 0.00 0.00 0.00 0.00 0.00 0.00 0.00 4.16 4.16 4.11 4.05 4.00 3.95 3.90 3.86 3.81 3.77 3.72 3.69 3.65 3.62 3.59 3.56 3.54 3.52 3.51 3.51 0.00 
0.00 0.00 0.00 0.00 0.00 0.00 0.00 0.00 0.00 0.00 0.00 0.00 0.00 0.00 0.00 0.00 0.00 0.00 0.00 0.00 0.00 0.00 0.00 0.00 0.00 0.00 0.00 0.00 0.00 0.00 0.00 0.00 0.00 0.00 0.00 0.00 0.00 0.00 0.00 0.00 0.00 4.13 4.13 4.08 4.03 3.97 3.92 3.87 3.82 3.78 3.73 3.69 3.65 3.61 3.57 3.54 3.51 3.48 3.46 3.44 3.42 3.41 3.41 0.00 
0.00 0.00 0.00 0.00 0.00 0.00 0.00 0.00 0.00 0.00 0.00 0.00 0.00 0.00 0.00 0.00 0.00 0.00 0.00 0.00 0.00 0.00 0.00 0.00 0.00 0.00 0.00 0.00 0.00 0.00 0.00 0.00 0.00 0.00 0.00 0.00 0.00 0.00 0.00 4.11 4.10 4.06 4.00 3.95 3.90 3.85 3.80 3.75 3.70 3.66 3.62 3.58 3.54 3.50 3.47 3.43 3.41 3.38 3.36 3.34 3.33 3.32 3.32 0.00 
0.00 0.00 0.00 0.00 0.00 0.00 0.00 0.00 0.00 0.00 0.00 0.00 0.00 0.00 0.00 0.00 0.00 0.00 0.00 0.00 0.00 0.00 0.00 0.00 0.00 0.00 0.00 0.00 0.00 0.00 0.00 0.00 0.00 0.00 0.00 0.00 0.00 4.09 4.09 4.04 3.98 3.93 3.88 3.83 3.78 3.73 3.68 3.64 3.59 3.55 3.51 3.47 3.43 3.40 3.37 3.34 3.31 3.29 3.27 3.25 3.24 3.23 3.23 0.00 
0.00 0.00 0.00 0.00 0.00 0.00 0.00 0.00 0.00 0.00 0.00 0.00 0.00 0.00 0.00 0.00 0.00 0.00 0.00 0.00 0.00 0.00 0.00 0.00 0.00 0.00 0.00 0.00 0.00 0.00 0.00 0.00 0.00 0.00 0.00 4.09 4.08 4.03 3.97 3.92 3.86 3.81 3.76 3.71 3.66 3.62 3.57 3.53 3.49 3.45 3.41 3.37 3.34 3.30 3.27 3.25 3.22 3.20 3.18 3.17 3.15 3.15 3.14 0.00 
0.00 0.00 0.00 0.00 0.00 0.00 0.00 0.00 0.00 0.00 0.00 0.00 0.00 0.00 0.00 0.00 0.00 0.00 0.00 0.00 0.00 0.00 0.00 0.00 0.00 0.00 0.00 0.00 0.00 0.00 0.00 0.00 0.00 4.09 4.08 4.03 3.97 3.92 3.86 3.81 3.75 3.70 3.66 3.61 3.56 3.52 3.47 3.43 3.39 3.35 3.31 3.28 3.25 3.22 3.19 3.16 3.14 3.12 3.10 3.09 3.08 3.07 3.06 0.00 
0.00 0.00 0.00 0.00 0.00 0.00 0.00 0.00 0.00 0.00 0.00 0.00 0.00 0.00 0.00 0.00 0.00 0.00 0.00 0.00 0.00 0.00 0.00 0.00 0.00 0.00 0.00 0.00 0.00 0.00 0.00 4.11 4.10 4.05 3.98 3.92 3.86 3.81 3.76 3.70 3.65 3.60 3.56 3.51 3.46 3.42 3.38 3.34 3.30 3.26 3.23 3.19 3.16 3.13 3.11 3.08 3.06 3.04 3.02 3.01 3.00 2.99 2.99 0.00 
0.00 0.00 0.00 0.00 0.00 0.00 0.00 0.00 0.00 0.00 0.00 0.00 0.00 0.00 0.00 0.00 0.00 0.00 0.00 0.00 0.00 0.00 0.00 0.00 0.00 0.00 0.00 0.00 0.00 4.14 4.13 4.07 4.00 3.94 3.88 3.82 3.77 3.71 3.66 3.61 3.56 3.51 3.47 3.42 3.38 3.33 3.29 3.25 3.22 3.18 3.15 3.12 3.09 3.06 3.03 3.01 2.99 2.97 2.95 2.94 2.93 2.93 2.92 0.00 
0.00 0.00 0.00 0.00 0.00 0.00 0.00 0.00 0.00 0.00 0.00 0.00 0.00 0.00 0.00 0.00 0.00 0.00 0.00 0.00 0.00 0.00 0.00 0.00 0.00 0.00 0.00 4.18 4.16 4.10 4.03 3.97 3.91 3.85 3.79 3.73 3.68 3.62 3.57 3.52 3.47 3.43 3.38 3.34 3.30 3.25 3.21 3.18 3.14 3.11 3.07 3.04 3.01 2.99 2.96 2.94 2.92 2.90 2.89 2.88 2.87 2.86 2.86 0.00 
0.00 0.00 0.00 0.00 0.00 0.00 0.00 0.00 0.00 0.00 0.00 0.00 0.00 0.00 0.00 0.00 0.00 0.00 0.00 0.00 0.00 0.00 0.00 0.00 0.00 4.24 4.22 4.15 4.08 4.01 3.94 3.88 3.82 3.76 3.70 3.65 3.59 3.54 3.49 3.44 3.40 3.35 3.31 3.26 3.22 3.18 3.14 3.11 3.07 3.04 3.01 2.98 2.95 2.92 2.90 2.88 2.86 2.84 2.83 2.82 2.81 2.80 2.80 0.00 
0.00 0.00 0.00 0.00 0.00 0.00 0.00 0.00 0.00 0.00 0.00 0.00 0.00 0.00 0.00 0.00 0.00 0.00 0.00 0.00 0.00 0.00 0.00 4.31 4.29 4.21 4.14 4.07 3.99 3.93 3.86 3.80 3.74 3.68 3.63 3.57 3.52 3.47 3.42 3.37 3.32 3.28 3.24 3.19 3.15 3.12 3.08 3.04 3.01 2.98 2.95 2.92 2.89 2.87 2.84 2.82 2.80 2.79 2.77 2.76 2.76 2.75 2.75 0.00 
0.00 0.00 0.00 0.00 0.00 0.00 0.00 0.00 0.00 0.00 0.00 0.00 0.00 0.00 0.00 0.00 0.00 0.00 0.00 0.00 0.00 4.40 4.37 4.29 4.21 4.13 4.06 3.99 3.92 3.85 3.79 3.73 3.67 3.61 3.56 3.50 3.45 3.40 3.35 3.31 3.26 3.22 3.17 3.13 3.09 3.06 3.02 2.98 2.95 2.92 2.89 2.86 2.84 2.81 2.79 2.77 2.75 2.74 2.73 2.72 2.71 2.70 2.70 0.00 
0.00 0.00 0.00 0.00 0.00 0.00 0.00 0.00 0.00 0.00 0.00 0.00 0.00 0.00 0.00 0.00 0.00 0.00 0.00 4.50 4.47 4.39 4.30 4.22 4.14 4.06 3.99 3.92 3.85 3.79 3.73 3.66 3.61 3.55 3.49 3.44 3.39 3.34 3.29 3.25 3.20 3.16 3.12 3.08 3.04 3.00 2.97 2.93 2.90 2.87 2.84 2.81 2.79 2.77 2.74 2.73 2.71 2.69 2.68 2.67 2.66 2.66 2.66 0.00 
0.00 0.00 0.00 0.00 0.00 0.00 0.00 0.00 0.00 0.00 0.00 0.00 0.00 0.00 0.00 0.00 0.00 4.63 4.59 4.50 4.41 4.32 4.24 4.16 4.08 4.00 3.93 3.86 3.79 3.73 3.67 3.61 3.55 3.49 3.44 3.39 3.34 3.29 3.24 3.20 3.15 3.11 3.07 3.03 2.99 2.96 2.92 2.89 2.86 2.83 2.80 2.77 2.75 2.72 2.70 2.69 2.67 2.65 2.64 2.63 2.63 2.62 2.62 0.00 
0.00 0.00 0.00 0.00 0.00 0.00 0.00 0.00 0.00 0.00 0.00 0.00 0.00 0.00 0.00 4.76 4.72 4.63 4.53 4.44 4.35 4.26 4.18 4.10 4.02 3.95 3.88 3.81 3.74 3.68 3.62 3.56 3.50 3.45 3.39 3.34 3.29 3.24 3.20 3.15 3.11 3.07 3.03 2.99 2.95 2.91 2.88 2.85 2.82 2.79 2.76 2.73 2.71 2.69 2.67 2.65 2.63 2.62 2.61 2.60 2.59 2.59 2.59 0.00 
0.00 0.00 0.00 0.00 0.00 0.00 0.00 0.00 0.00 0.00 0.00 0.00 0.00 4.92 4.88 4.77 4.67 4.57 4.48 4.39 4.30 4.21 4.13 4.05 3.98 3.90 3.83 3.77 3.70 3.64 3.58 3.52 3.46 3.40 3.35 3.30 3.25 3.20 3.16 3.11 3.07 3.03 2.99 2.95 2.91 2.88 2.85 2.81 2.78 2.75 2.73 2.70 2.68 2.66 2.64 2.62 2.60 2.59 2.58 2.57 2.56 2.56 2.56 0.00 
0.00 0.00 0.00 0.00 0.00 0.00 0.00 0.00 0.00 0.00 0.00 5.10 5.05 4.94 4.83 4.73 4.63 4.53 4.43 4.34 4.26 4.17 4.09 4.01 3.94 3.87 3.80 3.73 3.66 3.60 3.54 3.48 3.43 3.37 3.32 3.27 3.22 3.17 3.13 3.08 3.04 3.00 2.96 2.92 2.89 2.85 2.82 2.79 2.76 2.73 2.70 2.68 2.65 2.63 2.61 2.59 2.58 2.57 2.56 2.55 2.54 2.54 2.53 0.00 
0.00 0.00 0.00 0.00 0.00 0.00 0.00 0.00 0.00 5.30 5.24 5.12 5.01 4.90 4.79 4.69 4.59 4.49 4.40 4.31 4.22 4.14 4.06 3.98 3.91 3.84 3.77 3.70 3.63 3.57 3.51 3.45 3.40 3.34 3.29 3.24 3.19 3.15 3.10 3.06 3.01 2.97 2.93 2.90 2.86 2.83 2.79 2.76 2.73 2.71 2.68 2.65 2.63 2.61 2.59 2.58 2.56 2.55 2.54 2.53 2.52 2.52 2.51 0.00 
0.00 0.00 0.00 0.00 0.00 0.00 0.00 5.50 5.44 5.32 5.20 5.09 4.98 4.87 4.76 4.66 4.56 4.47 4.37 4.29 4.20 4.12 4.04 3.96 3.88 3.81 3.74 3.68 3.61 3.55 3.49 3.43 3.38 3.32 3.27 3.22 3.17 3.13 3.08 3.04 3.00 2.96 2.92 2.88 2.84 2.81 2.78 2.75 2.72 2.69 2.66 2.64 2.62 2.60 2.58 2.56 2.55 2.53 2.52 2.51 2.51 2.50 2.50 0.00 
0.00 0.00 0.00 0.00 0.00 5.71 5.66 5.54 5.42 5.30 5.18 5.07 4.96 4.85 4.74 4.64 4.54 4.45 4.36 4.27 4.18 4.10 4.02 3.94 3.87 3.80 3.73 3.66 3.60 3.53 3.47 3.42 3.36 3.31 3.26 3.21 3.16 3.11 3.07 3.02 2.98 2.94 2.90 2.87 2.83 2.80 2.77 2.74 2.71 2.68 2.65 2.63 2.61 2.59 2.57 2.55 2.54 2.52 2.51 2.50 2.50 2.49 2.49 0.00 
0.00 0.00 0.00 5.92 5.87 5.75 5.64 5.52 5.40 5.29 5.17 5.06 4.94 4.84 4.73 4.63 4.53 4.44 4.35 4.26 4.17 4.09 4.01 3.93 3.86 3.79 3.72 3.65 3.59 3.53 3.47 3.41 3.35 3.30 3.25 3.20 3.15 3.11 3.06 3.02 2.98 2.94 2.90 2.86 2.83 2.79 2.76 2.73 2.70 2.67 2.65 2.62 2.60 2.58 2.56 2.55 2.53 2.52 2.51 2.50 2.49 2.49 2.49 0.00 
0.00 0.00 0.00 5.90 5.85 5.74 5.63 5.52 5.40 5.28 5.17 5.05 4.94 4.83 4.73 4.63 4.53 4.44 4.34 4.26 4.17 4.09 4.01 3.93 3.86 3.79 3.72 3.65 3.59 3.53 3.47 3.41 3.35 3.30 3.25 3.20 3.15 3.10 3.06 3.02 2.98 2.94 2.90 2.86 2.83 2.79 2.76 2.73 2.70 2.67 2.65 2.62 2.60 2.58 2.56 2.55 2.53 2.52 2.51 2.50 2.49 2.49 2.49 0.00 
0.00 0.00 0.00 5.92 5.88 5.76 5.64 5.53 5.41 5.29 5.17 5.06 4.95 4.84 4.74 4.63 4.54 4.44 4.35 4.26 4.18 4.09 4.01 3.94 3.86 3.79 3.72 3.66 3.59 3.53 3.47 3.41 3.36 3.30 3.25 3.20 3.16 3.11 3.07 3.02 2.98 2.94 2.90 2.87 2.83 2.80 2.76 2.73 2.71 2.68 2.65 2.63 2.61 2.59 2.57 2.55 2.54 2.52 2.51 2.50 2.50 2.49 2.49 0.00 
0.00 0.00 0.00 0.00 0.00 5.72 5.67 5.55 5.43 5.31 5.19 5.08 4.96 4.86 4.75 4.65 4.55 4.46 4.36 4.28 4.19 4.11 4.03 3.95 3.88 3.80 3.74 3.67 3.60 3.54 3.48 3.43 3.37 3.32 3.27 3.22 3.17 3.12 3.08 3.03 2.99 2.95 2.91 2.88 2.84 2.81 2.78 2.75 2.72 2.69 2.66 2.64 2.62 2.60 2.58 2.56 2.55 2.53 2.52 2.51 2.51 2.50 2.50 0.00 
0.00 0.00 0.00 0.00 0.00 0.00 0.00 5.52 5.46 5.34 5.22 5.10 4.99 4.88 4.77 4.67 4.57 4.48 4.39 4.30 4.21 4.13 4.05 3.97 3.90 3.82 3.76 3.69 3.62 3.56 3.50 3.44 3.39 3.34 3.28 3.23 3.19 3.14 3.09 3.05 3.01 2.97 2.93 2.89 2.86 2.82 2.79 2.76 2.73 2.70 2.68 2.65 2.63 2.61 2.59 2.58 2.56 2.55 2.54 2.53 2.52 2.52 2.52 0.00 
0.00 0.00 0.00 0.00 0.00 0.00 0.00 0.00 0.00 5.31 5.25 5.13 5.02 4.91 4.81 4.70 4.61 4.51 4.42 4.33 4.24 4.16 4.08 4.00 3.92 3.85 3.78 3.72 3.65 3.59 3.53 3.47 3.41 3.36 3.31 3.26 3.21 3.16 3.12 3.07 3.03 2.99 2.95 2.92 2.88 2.85 2.81 2.78 2.75 2.73 2.70 2.68 2.65 2.63 2.61 2.60 2.58 2.57 2.56 2.55 2.54 2.54 2.54 0.00 
0.00 0.00 0.00 0.00 0.00 0.00 0.00 0.00 0.00 0.00 0.00 5.11 5.06 4.95 4.85 4.74 4.64 4.55 4.45 4.36 4.28 4.19 4.11 4.03 3.96 3.89 3.82 3.75 3.68 3.62 3.56 3.50 3.45 3.39 3.34 3.29 3.24 3.19 3.15 3.10 3.06 3.02 2.98 2.95 2.91 2.87 2.84 2.81 2.78 2.75 2.73 2.70 2.68 2.66 2.64 2.62 2.61 2.59 2.58 2.57 2.57 2.56 2.56 0.00 
0.00 0.00 0.00 0.00 0.00 0.00 0.00 0.00 0.00 0.00 0.00 0.00 0.00 4.94 4.90 4.79 4.69 4.60 4.50 4.41 4.32 4.24 4.16 4.08 4.00 3.93 3.86 3.79 3.72 3.66 3.60 3.54 3.48 3.43 3.38 3.33 3.28 3.23 3.18 3.14 3.10 3.06 3.02 2.98 2.94 2.91 2.88 2.84 2.81 2.79 2.76 2.73 2.71 2.69 2.67 2.65 2.64 2.62 2.61 2.60 2.60 2.59 2.59 0.00 
0.00 0.00 0.00 0.00 0.00 0.00 0.00 0.00 0.00 0.00 0.00 0.00 0.00 0.00 0.00 4.79 4.75 4.65 4.55 4.46 4.37 4.29 4.21 4.13 4.05 3.98 3.91 3.84 3.77 3.71 3.65 3.59 3.53 3.48 3.42 3.37 3.32 3.27 3.23 3.18 3.14 3.10 3.06 3.02 2.98 2.95 2.91 2.88 2.85 2.82 2.80 2.77 2.75 2.72 2.70 2.69 2.67 2.66 2.65 2.64 2.63 2.62 2.62 0.00 
0.00 0.00 0.00 0.00 0.00 0.00 0.00 0.00 0.00 0.00 0.00 0.00 0.00 0.00 0.00 0.00 0.00 4.65 4.62 4.53 4.43 4.35 4.27 4.19 4.11 4.03 3.96 3.89 3.83 3.76 3.70 3.64 3.58 3.53 3.47 3.42 3.37 3.32 3.28 3.23 3.19 3.15 3.11 3.07 3.03 2.99 2.96 2.93 2.90 2.87 2.84 2.81 2.79 2.77 2.75 2.73 2.71 2.70 2.68 2.68 2.67 2.66 2.66 0.00 
0.00 0.00 0.00 0.00 0.00 0.00 0.00 0.00 0.00 0.00 0.00 0.00 0.00 0.00 0.00 0.00 0.00 0.00 0.00 4.53 4.50 4.42 4.33 4.25 4.17 4.10 4.02 3.95 3.89 3.82 3.76 3.70 3.64 3.59 3.53 3.48 3.43 3.38 3.33 3.29 3.24 3.20 3.16 3.12 3.08 3.05 3.01 2.98 2.95 2.92 2.89 2.86 2.84 2.81 2.79 2.77 2.76 2.74 2.73 2.72 2.71 2.71 2.70 0.00 
0.00 0.00 0.00 0.00 0.00 0.00 0.00 0.00 0.00 0.00 0.00 0.00 0.00 0.00 0.00 0.00 0.00 0.00 0.00 0.00 0.00 4.43 4.40 4.33 4.24 4.17 4.10 4.02 3.96 3.89 3.83 3.77 3.71 3.65 3.60 3.54 3.49 3.44 3.40 3.35 3.31 3.26 3.22 3.18 3.14 3.10 3.07 3.03 3.00 2.97 2.94 2.91 2.89 2.87 2.84 2.82 2.81 2.79 2.78 2.77 2.76 2.76 2.75 0.00 
0.00 0.00 0.00 0.00 0.00 0.00 0.00 0.00 0.00 0.00 0.00 0.00 0.00 0.00 0.00 0.00 0.00 0.00 0.00 0.00 0.00 0.00 0.00 4.35 4.32 4.25 4.17 4.10 4.03 3.97 3.90 3.84 3.78 3.73 3.67 3.62 3.56 3.51 3.47 3.42 3.37 3.33 3.29 3.25 3.21 3.17 3.13 3.10 3.06 3.03 3.00 2.97 2.95 2.92 2.90 2.88 2.86 2.85 2.83 2.82 2.82 2.81 2.81 0.00 
0.00 0.00 0.00 0.00 0.00 0.00 0.00 0.00 0.00 0.00 0.00 0.00 0.00 0.00 0.00 0.00 0.00 0.00 0.00 0.00 0.00 0.00 0.00 0.00 0.00 4.28 4.26 4.19 4.12 4.05 3.99 3.92 3.86 3.81 3.75 3.70 3.64 3.59 3.54 3.50 3.45 3.40 3.36 3.32 3.28 3.24 3.20 3.17 3.13 3.10 3.07 3.04 3.01 2.99 2.96 2.94 2.92 2.91 2.89 2.88 2.87 2.87 2.87 0.00 
0.00 0.00 0.00 0.00 0.00 0.00 0.00 0.00 0.00 0.00 0.00 0.00 0.00 0.00 0.00 0.00 0.00 0.00 0.00 0.00 0.00 0.00 0.00 0.00 0.00 0.00 0.00 4.22 4.21 4.15 4.08 4.01 3.95 3.89 3.84 3.78 3.73 3.68 3.63 3.58 3.53 3.49 3.44 3.40 3.36 3.32 3.28 3.24 3.21 3.17 3.14 3.11 3.08 3.06 3.03 3.01 2.99 2.97 2.96 2.95 2.94 2.93 2.93 0.00 
0.00 0.00 0.00 0.00 0.00 0.00 0.00 0.00 0.00 0.00 0.00 0.00 0.00 0.00 0.00 0.00 0.00 0.00 0.00 0.00 0.00 0.00 0.00 0.00 0.00 0.00 0.00 0.00 0.00 4.18 4.17 4.11 4.05 3.99 3.93 3.88 3.82 3.77 3.72 3.67 3.62 3.58 3.53 3.49 3.44 3.40 3.36 3.32 3.29 3.25 3.22 3.19 3.16 3.13 3.11 3.08 3.06 3.04 3.03 3.02 3.01 3.00 3.00 0.00 
0.00 0.00 0.00 0.00 0.00 0.00 0.00 0.00 0.00 0.00 0.00 0.00 0.00 0.00 0.00 0.00 0.00 0.00 0.00 0.00 0.00 0.00 0.00 0.00 0.00 0.00 0.00 0.00 0.00 0.00 0.00 4.16 4.15 4.10 4.03 3.98 3.92 3.87 3.82 3.77 3.72 3.67 3.63 3.58 3.54 3.49 3.45 3.41 3.38 3.34 3.30 3.27 3.24 3.21 3.19 3.16 3.14 3.12 3.11 3.09 3.08 3.08 3.07 0.00 
0.00 0.00 0.00 0.00 0.00 0.00 0.00 0.00 0.00 0.00 0.00 0.00 0.00 0.00 0.00 0.00 0.00 0.00 0.00 0.00 0.00 0.00 0.00 0.00 0.00 0.00 0.00 0.00 0.00 0.00 0.00 0.00 0.00 4.15 4.14 4.09 4.03 3.98 3.93 3.87 3.82 3.78 3.73 3.68 3.64 3.59 3.55 3.51 3.47 3.43 3.40 3.36 3.33 3.30 3.27 3.25 3.22 3.20 3.19 3.17 3.16 3.16 3.15 0.00 
0.00 0.00 0.00 0.00 0.00 0.00 0.00 0.00 0.00 0.00 0.00 0.00 0.00 0.00 0.00 0.00 0.00 0.00 0.00 0.00 0.00 0.00 0.00 0.00 0.00 0.00 0.00 0.00 0.00 0.00 0.00 0.00 0.00 0.00 0.00 4.15 4.14 4.10 4.04 3.99 3.94 3.89 3.84 3.79 3.75 3.70 3.66 3.61 3.57 3.53 3.50 3.46 3.43 3.39 3.36 3.34 3.31 3.29 3.27 3.26 3.25 3.24 3.24 0.00 
0.00 0.00 0.00 0.00 0.00 0.00 0.00 0.00 0.00 0.00 0.00 0.00 0.00 0.00 0.00 0.00 0.00 0.00 0.00 0.00 0.00 0.00 0.00 0.00 0.00 0.00 0.00 0.00 0.00 0.00 0.00 0.00 0.00 0.00 0.00 0.00 0.00 4.16 4.16 4.12 4.06 4.01 3.96 3.91 3.86 3.81 3.77 3.72 3.68 3.64 3.60 3.56 3.53 3.49 3.46 3.43 3.41 3.39 3.37 3.35 3.34 3.33 3.33 0.00 
0.00 0.00 0.00 0.00 0.00 0.00 0.00 0.00 0.00 0.00 0.00 0.00 0.00 0.00 0.00 0.00 0.00 0.00 0.00 0.00 0.00 0.00 0.00 0.00 0.00 0.00 0.00 0.00 0.00 0.00 0.00 0.00 0.00 0.00 0.00 0.00 0.00 0.00 0.00 4.18 4.18 4.14 4.08 4.04 3.99 3.94 3.89 3.84 3.80 3.76 3.71 3.67 3.64 3.60 3.57 3.54 3.51 3.49 3.46 3.45 3.43 3.42 3.42 0.00 
0.00 0.00 0.00 0.00 0.00 0.00 0.00 0.00 0.00 0.00 0.00 0.00 0.00 0.00 0.00 0.00 0.00 0.00 0.00 0.00 0.00 0.00 0.00 0.00 0.00 0.00 0.00 0.00 0.00 0.00 0.00 0.00 0.00 0.00 0.00 0.00 0.00 0.00 0.00 0.00 0.00 4.21 4.21 4.17 4.12 4.07 4.02 3.97 3.92 3.88 3.84 3.79 3.75 3.72 3.68 3.65 3.62 3.59 3.57 3.55 3.53 3.52 3.52 0.00 
0.00 0.00 0.00 0.00 0.00 0.00 0.00 0.00 0.00 0.00 0.00 0.00 0.00 0.00 0.00 0.00 0.00 0.00 0.00 0.00 0.00 0.00 0.00 0.00 0.00 0.00 0.00 0.00 0.00 0.00 0.00 0.00 0.00 0.00 0.00 0.00 0.00 0.00 0.00 0.00 0.00 0.00 0.00 4.25 4.25 4.21 4.16 4.11 4.06 4.01 3.96 3.92 3.88 3.84 3.80 3.76 3.73 3.70 3.68 3.66 3.64 3.63 3.62 0.00 
0.00 0.00 0.00 0.00 0.00 0.00 0.00 0.00 0.00 0.00 0.00 0.00 0.00 0.00 0.00 0.00 0.00 0.00 0.00 0.00 0.00 0.00 0.00 0.00 0.00 0.00 0.00 0.00 0.00 0.00 0.00 0.00 0.00 0.00 0.00 0.00 0.00 0.00 0.00 0.00 0.00 0.00 0.00 0.00 0.00 4.29 4.29 4.26 4.20 4.15 4.10 4.05 4.01 3.97 3.93 3.89 3.85 3.82 3.79 3.77 3.75 3.74 3.73 0.00 
0.00 0.00 0.00 0.00 0.00 0.00 0.00 0.00 0.00 0.00 0.00 0.00 0.00 0.00 0.00 0.00 0.00 0.00 0.00 0.00 0.00 0.00 0.00 0.00 0.00 0.00 0.00 0.00 0.00 0.00 0.00 0.00 0.00 0.00 0.00 0.00 0.00 0.00 0.00 0.00 0.00 0.00 0.00 0.00 0.00 0.00 0.00 4.34 4.34 4.30 4.24 4.20 4.15 4.10 4.06 4.02 3.98 3.94 3.91 3.89 3.87 3.85 3.84 0.00 
0.00 0.00 0.00 0.00 0.00 0.00 0.00 0.00 0.00 0.00 0.00 0.00 0.00 0.00 0.00 0.00 0.00 0.00 0.00 0.00 0.00 0.00 0.00 0.00 0.00 0.00 0.00 0.00 0.00 0.00 0.00 0.00 0.00 0.00 0.00 0.00 0.00 0.00 0.00 0.00 0.00 0.00 0.00 0.00 0.00 0.00 0.00 0.00 0.00 4.39 4.39 4.35 4.29 4.25 4.20 4.16 4.11 4.08 4.04 4.01 3.99 3.97 3.96 0.00 
0.00 0.00 0.00 0.00 0.00 0.00 0.00 0.00 0.00 0.00 0.00 0.00 0.00 0.00 0.00 0.00 0.00 0.00 0.00 0.00 0.00 0.00 0.00 0.00 0.00 0.00 0.00 0.00 0.00 0.00 0.00 0.00 0.00 0.00 0.00 0.00 0.00 0.00 0.00 0.00 0.00 0.00 0.00 0.00 0.00 0.00 0.00 0.00 0.00 0.00 0.00 4.44 4.44 4.41 4.35 4.30 4.26 4.21 4.17 4.14 4.11 4.09 4.08 0.00 
0.00 0.00 0.00 0.00 0.00 0.00 0.00 0.00 0.00 0.00 0.00 0.00 0.00 0.00 0.00 0.00 0.00 0.00 0.00 0.00 0.00 0.00 0.00 0.00 0.00 0.00 0.00 0.00 0.00 0.00 0.00 0.00 0.00 0.00 0.00 0.00 0.00 0.00 0.00 0.00 0.00 0.00 0.00 0.00 0.00 0.00 0.00 0.00 0.00 0.00 0.00 0.00 0.00 4.49 4.50 4.46 4.41 4.36 4.31 4.27 4.24 4.21 4.20 0.00 
0.00 0.00 0.00 0.00 0.00 0.00 0.00 0.00 0.00 0.00 0.00 0.00 0.00 0.00 0.00 0.00 0.00 0.00 0.00 0.00 0.00 0.00 0.00 0.00 0.00 0.00 0.00 0.00 0.00 0.00 0.00 0.00 0.00 0.00 0.00 0.00 0.00 0.00 0.00 0.00 0.00 0.00 0.00 0.00 0.00 0.00 0.00 0.00 0.00 0.00 0.00 0.00 0.00 0.00 0.00 4.55 4.56 4.52 4.46 4.41 4.37 4.33 4.31 0.00 
0.00 0.00 0.00 0.00 0.00 0.00 0.00 0.00 0.00 0.00 0.00 0.00 0.00 0.00 0.00 0.00 0.00 0.00 0.00 0.00 0.00 0.00 0.00 0.00 0.00 0.00 0.00 0.00 0.00 0.00 0.00 0.00 0.00 0.00 0.00 0.00 0.00 0.00 0.00 0.00 0.00 0.00 0.00 0.00 0.00 0.00 0.00 0.00 0.00 0.00 0.00 0.00 0.00 0.00 0.00 0.00 0.00 4.60 4.61 4.56 4.50 4.45 4.42 0.00 
0.00 0.00 0.00 0.00 0.00 0.00 0.00 0.00 0.00 0.00 0.00 0.00 0.00 0.00 0.00 0.00 0.00 0.00 0.00 0.00 0.00 0.00 0.00 0.00 0.00 0.00 0.00 0.00 0.00 0.00 0.00 0.00 0.00 0.00 0.00 0.00 0.00 0.00 0.00 0.00 0.00 0.00 0.00 0.00 0.00 0.00 0.00 0.00 0.00 0.00 0.00 0.00 0.00 0.00 0.00 0.00 0.00 0.00 0.00 4.64 4.64 4.57 4.51 0.00 
0.00 0.00 0.00 0.00 0.00 0.00 0.00 0.00 0.00 0.00 0.00 0.00 0.00 0.00 0.00 0.00 0.00 0.00 0.00 0.00 0.00 0.00 0.00 0.00 0.00 0.00 0.00 0.00 0.00 0.00 0.00 0.00 0.00 0.00 0.00 0.00 0.00 0.00 0.00 0.00 0.00 0.00 0.00 0.00 0.00 0.00 0.00 0.00 0.00 0.00 0.00 0.00 0.00 0.00 0.00 0.00 0.00 0.00 0.00 0.00 0.00 4.60 4.54 0.00 
0.00 0.00 0.00 0.00 0.00 0.00 0.00 0.00 0.00 0.00 0.00 0.00 0.00 0.00 0.00 0.00 0.00 0.00 0.00 0.00 0.00 0.00 0.00 0.00 0.00 0.00 0.00 0.00 0.00 0.00 0.00 0.00 0.00 0.00 0.00 0.00 0.00 0.00 0.00 0.00 0.00 0.00 0.00 0.00 0.00 0.00 0.00 0.00 0.00 0.00 0.00 0.00 0.00 0.00 0.00 0.00 0.00 0.00 0.00 0.00 0.00 0.00 0.00 0.00 
